9,13,5,4,8,4,4,5,4,4,4,4,4,9,3,10,6,4,20,4,5,3,10,11,3,12,3,4,93,12,93,13,3,3,12,3,6,4,37,75,4,4,35,40,6,56,6,17,7,3,11,4,93,11,93,30,40,11,40,14,34,6,85,4,6,17,16,0,11,5,3488,3,6,4,56,47,7,4,56,39,67,54,9,5,47,42,51,7,10,8,6,3,3,6,4,4,3,6,28,6,5,7,7,6,5,4,4,11,10,4,13,3,11,6,23,3,6,17,18,34,36,12,11,4,4,4,22,10,50,19,4,22,10,50,19,4,22,10,3,21,6,3,139,495,11,3,5,19,4,3,13,10,4,16,10,15,4,4,10,3,8,3,4,5,3,12,14,11,12,8,4,6,11,9,3,6,3,6,3,6,3,6,3,32,3,32,3,32,3,32,3,32,27,27,27,27,27,27,27,27,27,27,27,6,4,3,6,3,11,3,5,4,6,11,7,10,4,5,7,4,4,46,6,13,10,15,9,9,58,8,5,6,9,6,5,3,4,6,15,11,10,6,6,6,6,6,13,5,4,5,3,4,29,3,0,5,12,7,22,2,3,4,6,5,5,3,18,40,38,3,2,3,38,38,3,3,3,3,3,38,38,2,38,2,38,9,9,10,9,10,5,11,3,9,9,5,9,3,12,11,3,8,4,5,4,4,10,4,13,4,13,4,13,19,12,3,3,6,11,3,8,4,14,61,4,19,12,7,15,24,11,3,24,8,25,3,15,12,4,7,13,3,6,12,4,32,3,6,6,3,3,10,21,10,7,7,4,5,4,6,3,3,4,70,70,6,14,17,12,79,4,18,8,3,18,9,18,25,18,9,3,18,25,18,9,3,18,9,3,18,9,18,25,3,18,3,18,18,4,25,4,4,5,5,11,3,37,4,12,6,7,10,5,16,3,3,15,16,16,13,5,10,11,13,6,9,10,3,7,8,15,11,10,3,14,5,12,10,20,16,9,13,8,10,3,14,7,3,5,4,35,9,4,10,7,7,8,7,26,4,7,3,4,31,9,6,4,3,12,4,5,26,4,4,31,14,4,5,5,14,4,5,7,4,28,4,14,4,5,6,5,3,18,15,4,7,3,7,6,4,4,4,3,34,14,7,13,5,5,8,5,19,8,8,3,7,6,4,18,6,7,3,8,11,5,8,9,6,10,3,16,4,4,32,8,5,10,4,19,10,6,4,10,6,8,10,5,12,14,3,9,3,13,14,3,3,4,3,3,7,4,3,26,3,3,10,35,25,3,3,3,13,4,13,24,4,6,3,3,7,8,3,7,3,13,4,4,7,7,3,4,23,3,3,4,4,6,10,3,3,19,7,3,18,4,8,3,6,4,4,19,5,12,3,111,3,7,3,29,3,9,3,10,3,7,3,5,3,9,3,66,12,3,3,6,4,16,3,3,356,7,3,32,4,10,3,23,3,6,3,20,27,3,3,3,3,9,3,3,5,3,6,3,7,13,12,13,5,13,6,5,8,6,4,7,7,36,6,4,10,6,4,3,10,6,4,4,28,18,21,2,9,3,7,0,13,18,38,24,16,15,38,38,3,18,27,5,17,15,3,3,4,3,5,5,29,3,5,4,6,57,3,11,5,3,3,5,5,5,9,13,14,9,6,3,3,9,7,7,4,4,15,8,7,20,4,5,22,17,3,7,31,18,54,4,3,30,4,33,3,22,26,3,4,31,26,20,5,8,6,8,5,12,4,5,6,11,7,3,3,13,19,9,11,3,3,5,15,3,16,4,4,3,17,9,6,3,3,3,5,3,13,4,6,28,6,17,3,3,11,4,44,4,7,15,5,4,3,30,4,7,22,5,18,4,3,12,4,5,14,4,4,3,15,17,5,28,18,3,4,3,4,4,17,17,4,3,27,4,7,5,7,7,18,3,7,7,3,12,6,11,3,17,10,4,28,3,11,6,26,5,53,8,5,5,7,7,6,5,8,9,5,3,5,53,6,6,100,5,11,15,12,6,3,3,4,4,3,3,4,10,14,5,3,50,142,9,41,16,4,5,16,15,19,41,27,2,3,27,3,15,4,171,3,12,13,173,5,11,5,9,9,5,9,7,9,6,17,5,3,4,24,4,10,88,114,108,108,5,18,8,6,3,11,19,3,6,5,3,6,20,6,4,16,5,12,9,19,13,3,5,3,12,5,7,6,4,48,3,14,3,3,12,4,4,6,4,5,3,6,4,5,5,17,10,12,3,51,3,10,10,5,7,3,19,12,6,7,12,3,3,3,4,8,3,48,5,22,14,7,14,3,5,20,33,4,4,29,3,11,8,5,5,200,30,4,9,32,3,7,4,5,38,8,40,4,11,6,9,23,2,6,3,5,84,5,102,3,4,3,88,99,3,4,3,23,3,19,4,5,6,7,19,21,3,4,28,21,13,5,27,4,27,24,7,5,3,5,4,6,11,6,20,31,9,3,5,3,102,3,3,4,3,121,28,5,22,8,3,7,39,39,3,3,11,5,5,13,10,5,10,5,6,15,6,8,5,6,8,6,5,5,3,4,4,15,7,3,7,4,4,10,5,3,12,5,13,39,39,2,5,5,4,10,5,5,29,18,5,16,5,6,2,5,6,0,3,13,2,40,9,6,5,14,7,12,5,5,9,9,4,22,8,4,11,3,3,8,6,11,5,9,5,22,3,4,7,6,4,5,43,6,3,19,6,6,6,4,24,41,7,25,2,4,11,4,7,5,4,28,3,11,8,12,3,6,3,3,4,4,4,4,8,11,4,8,4,91,86,135,86,6,4,5,4,3,3,7,31,7,4,48,30,6,5,3,3,4,8,15,4,4,3,4,4,15,5,4,3,15,5,4,3,21,22,4,3,3,4,6,4,3,19,5,3,4,3,9,66,3,6,20,23,3,42,4,3,9,5,5,34,21,3,11,8,23,3,20,4,4,7,6,5,3,3,50,7,47,5,3,3,5,3,3,10,4,4,3,10,15,7,4,10,24,7,5,16,4,5,17,2,43,8,5,3,3,3,3,7,12,4,4,9,4,8,8,3,5,3,8,13,6,4,10,5,387,4,3,6,29,8,6,28,3,3,3,9,15,22,5,4,4,28,3,3,7,3,8,5,21,10,3,8,3,5,2,132,17,5,4,3,26,28,3,4,8,4,4,4,4,4,4,4,4,5,4,3,6,27,3,11,12,12,3,32,235,9,11,5,9,9,9,7,3,17,4,14,12,5,4,5,4,4,20,5,23,4,3,5,5,5,4,4,5,4,4,4,3,4,7,5,4,3,4,5,9,5,18,3,4,36,7,4,6,5,5,6,4,8,8,6,3,19,7,2,27,105,5,5,5,5,66,12,5,3,51,5,3,74,111,107,76,111,107,7,13,3,80,30,109,83,3,38,111,80,110,15,79,80,112,31,82,78,78,8,103,122,105,78,76,112,13,3,112,30,75,75,112,116,4,58,79,76,96,96,81,116,106,75,101,97,97,105,73,80,97,116,98,76,109,81,81,32,76,97,81,81,33,98,81,75,76,81,112,8,109,55,109,8,57,112,112,5,8,4,5,6,4,12,32,90,53,113,30,3,28,8,5,110,78,105,72,57,76,111,57,74,8,80,105,75,50,81,83,104,112,101,111,90,78,49,126,79,126,105,126,90,7,114,126,112,91,5,57,81,81,72,99,120,99,81,98,120,98,103,97,96,112,49,38,112,51,37,109,72,65,81,50,106,50,50,106,106,50,112,112,112,112,35,112,112,6,20,3,8,6,8,24,7,10,5,7,7,10,7,22,4,7,8,11,13,7,17,4,7,4,11,6,4,5,6,6,4,3,4,4,21,25,7,4,4,19,48,19,137,3,9,8,8,6,3,5,7,3,7,4,8,7,4,4,11,9,11,4,6,3,6,3,4,6,5,3,5,5,7,4,9,4,4,46,8,20,9,8,20,12,4,4,4,88,100,99,99,100,99,98,99,99,98,99,3,4,5,6,7,6,9,7,7,6,8,8,10,6,8,6,5,7,5,6,7,13,8,7,5,7,3,4,6,14,4,7,5,18,19,18,9,5,5,4,74,96,95,94,93,59,62,96,5,5,12,4,6,5,6,15,12,13,7,9,5,5,5,9,12,10,5,8,7,4,6,5,4,5,5,12,6,6,4,5,4,3,3,4,4,6,6,13,9,16,6,4,5,7,5,16,10,3,4,5,4,4,4,6,3,6,5,3,19,22,23,11,11,10,8,83,38,10,83,3,5,4,5,3,60,5,5,3,12,4,7,5,9,5,3,11,5,10,4,3,3,4,4,5,10,4,3,4,9,4,26,26,23,25,61,147,31,21,4,37,32,15,41,34,9,4,5,5,3,5,4,15,6,18,7,3,8,6,10,7,4,6,8,7,19,4,4,11,5,4,12,7,13,3,6,19,6,7,11,4,8,4,7,7,3,4,8,12,6,9,4,4,4,4,21,10,8,3,9,9,10,4,23,3,7,4,12,3,8,8,12,7,5,8,7,5,3,7,7,4,7,6,6,3,3,10,6,9,5,5,8,10,14,7,5,58,14,26,86,6,5,41,4,4,5,4,5,14,4,100,10,8,14,10,4,8,5,12,3,3,5,4,5,19,12,6,20,4,9,5,10,5,5,14,8,3,7,6,3,3,12,15,9,11,20,3,3,10,3,3,14,3,4,10,6,6,10,10,13,9,10,8,4,10,6,7,3,11,4,5,5,5,2,18,12,5,3,18,7,5,5,12,8,5,10,3,8,3,3,6,5,16,14,20,10,42,25,7,4,35,62,11,60,63,75,63,60,4,57,3,64,3,4,5,5,4,21,44,70,44,71,9,4,3,6,7,20,8,7,7,5,13,10,7,10,8,6,4,5,7,6,9,10,7,16,4,5,8,5,33,10,17,14,6,5,4,16,3,4,3,4,9,41,4,4,4,11,6,14,22,15,18,6,3,13,4,3,6,8,4,10,8,2,22,4,4,3,7,6,8,9,2,8,4,4,10,15,13,4,7,14,11,6,5,3,3,10,3,5,11,14,5,4,7,3,7,6,212,5,21,6,3,4,4,4,3,5,5,13,16,14,3,172,21,3,4,9,14,12,7,3,3,25,50,4,8,4,3,46,5,8,7,4,4,3,7,3,8,4,11,4,9,5,3,3,7,13,3,3,6,4,8,19,4,6,7,3,4,5,50,52,3,6,58,49,49,50,48,58,59,51,50,4,12,7,6,8,15,9,15,70,5,495,7,13,52,7,3,7,6,7,2,3,13,6,3,15,13,2,38,3,6,25,21,5,4,6,13,4,10,13,4,3,35,3,13,19,5,61,6,66,5,13,3,5,30,16,14,3,86,4,18,4,4,11,4,3,21,7,8,13,5,7,246,4,9,11,9,8,8,22,15,6,4,3,21,10,3,34,3,34,8,9,6,3,3,9,6,3,3,4,5,4,4,5,4,3,9,8,4,9,10,6,4,3,8,9,6,3,3,5,7,0,35,5,4,3,9,6,3,10,3,8,6,5,3,5,8,5,46,40,9,3,7,8,3,11,11,5,8,7,29,3,3,3,5,3,66,3,4,7,135,6,3,8,4,44,3,8,3,3,49,10,3,9,3,4,10,7,3,358,4,6,5,9,5,9,4,66,30,8,8,12,43,5,5,20,5,3,5,5,3,11,8,3,34,11,14,9,3,3,4,10,5,4,9,4,4,29,40,5,7,14,8,9,6,5,4,4,4,6,11,6,5,3,3,10,8,4,16,7,59,6,52,20,4,3,3,8,15,4,4,3,3,3,7,4,11,6,4,10,11,7,28,8,5,2,11,11,5,5,27,5,27,5,27,4,5,38,5,5,6,5,19,16,3,3,3,36,3,3,22,3,11,3,19,11,5,5,3,15,6,13,3,3,19,9,3,6,8,10,8,4,15,6,11,14,5,7,105,34,14,78,12,6,4,3,146,10,6,9,5,3,4,6,8,6,9,66,9,11,4,5,3,11,13,7,4,5,6,16,35,7,3,3,6,9,11,19,3,12,7,10,4,4,37,16,120,114,104,26,79,78,25,5,7,4,11,4,4,13,8,163,3,4,18,5,3,3,9,4,6,3,3,4,29,16,3,3,9,9,3,20,64,3,3,31,5,27,5,7,17,21,3,3,9,5,3,59,3,3,7,16,7,3,6,4,4,9,4,4,3,7,3,4,5,4,6,86,19,7,9,3,4,3,3,3,16,6,19,10,4,4,3,3,3,4,8,3,4,17,17,3,13,10,26,58,3,301,4,36,12,4,3,4,5,5,7,4,6,14,25,10,10,11,6,16,48,30,5,6,12,10,4,4,4,9,4,4,7,4,6,4,4,5,10,10,4,5,8,14,3,93,4,6,8,4,3,3,4,3,3,27,13,8,3,7,4,85,3,12,358,5,5,10,7,3,3,6,4,7,5,7,5,21,7,6,0,4,16,9,15,6,8,3,7,8,4,4,7,17,5,5,20,5,4,5,3,3,3,76,14,6,9,14,7,4,7,7,7,19,6,5,4,20,8,7,3,27,12,7,14,28,4,5,4,4,16,7,3,27,11,4,6,4,4,10,10,17,16,4,3,4,3,17,4,4,5,18,18,13,7,22,21,10,14,6,5,6,3,3,3,4,4,3,9,4,3,4,420,5,4,14,25,7,3,6,6,9,3,4,3,3,13,9,7,3,5,11,7,28,4,2,43,3,29,29,3,3,4,3,4,19,27,13,17,29,5,3,3,21,14,27,3,12,11,27,3,13,8,11,2,27,5,35,7,17,4,17,6,10,5,16,4,24,40,15,14,6,5,3,4,5,2,5,5,3,22,10,30,13,30,15,10,3,13,20,8,3,8,24,7,15,41,70,5,3,3,4,3,4,5,3,3,16,5,11,10,5,20,3,5,3,19,19,4,3,13,5,12,3,10,5,9,24,14,195,2,41,41,41,3,13,3,3,13,41,18,11,4,3,4,7,2,52,16,8,4,12,3,5,12,3,3,52,17,19,3,7,5,6,6,7,5,4,12,4,7,12,13,5,30,3,6,49,49,49,3,50,50,49,49,49,57,51,50,4,7,55,3,3,6,6,12,86,14,5,14,7,5,11,7,7,8,2,13,5,3,15,3,13,13,5,15,2,85,7,11,13,66,4,7,3,29,4,31,27,20,3,4,246,17,84,3,3,19,5,12,3,4,6,26,31,6,61,35,6,7,3,3,7,11,5,11,24,5,11,3,20,14,8,3,5,8,3,19,5,3,4,10,36,4,3,4,5,5,7,4,185,6,14,25,10,10,8,11,4,11,11,4,7,4,69,4,5,8,7,29,151,11,5,6,11,5,4,111,4,6,4,10,6,4,4,4,8,7,4,6,6,8,3,4,68,3,7,6,3,3,10,3,6,6,4,33,4,4,7,3,6,5,7,7,27,12,3,5,3,6,15,4,4,4,4,4,4,5,3,3,5,4,4,3,13,4,6,7,10,4,4,5,4,11,5,4,4,4,3,19,9,17,10,5,33,4,17,31,49,22,67,94,94,94,5,60,8,259,4,49,15,20,3,3,106,3,5,7,5,3,9,5,15,3,12,4,3,9,15,4,5,11,7,28,3,2,39,4,27,24,5,14,5,3,4,4,14,18,35,9,0,8,3,3,19,3,3,3,91,3,19,33,4,16,13,4,5,3,29,21,6,17,39,19,5,13,3,27,3,19,7,4,5,3,5,18,3,3,7,10,6,3,14,5,4,7,7,3,11,3,4,5,9,10,44,85,3,4,72,114,116,117,7,3,46,43,5,12,5,3,7,9,4,4,4,4,16,5,118,34,11,14,19,11,35,12,53,4,7,4,4,5,8,3,7,5,7,5,8,8,3,9,4,3,6,6,5,7,50,8,8,15,5,20,9,7,3,3,13,5,60,3,11,3,5,7,4,4,8,5,4,29,111,3,4,50,3,20,3,4,4,8,6,15,6,13,5,13,5,17,7,149,9,3,3,10,3,8,8,3,16,9,9,5,5,5,7,4,12,4,7,12,84,21,41,4,5,4,3,4,4,3,10,10,4,3,8,3,28,21,20,12,7,9,35,17,70,17,13,3,5,4,31,3,26,4,6,4,4,4,9,4,7,4,5,18,11,3,9,8,8,4,5,5,8,17,5,3,5,3,5,3,5,7,3,245,7,16,4,4,13,4,3,6,10,16,5,4,16,5,5,35,19,6,6,7,3,4,4,11,5,12,3,14,5,13,4,4,11,10,5,5,3,8,3,5,53,5,21,3,4,4,4,4,4,9,4,4,9,4,9,4,9,4,8,4,4,4,4,9,8,4,4,4,4,4,4,4,4,6,16,6,7,106,5,4,44,5,7,42,3,36,3,40,3,3,102,3,39,3,4,4,3,40,3,5,6,8,4,6,7,42,42,4,38,102,3,97,3,99,40,7,35,95,14,39,76,95,61,3,29,4,76,42,58,5,3,8,64,13,106,42,3,102,3,37,3,42,57,77,3,103,58,104,101,104,102,102,39,102,63,3,35,3,4,8,3,3,3,42,61,3,3,107,66,27,96,106,107,88,31,3,45,4,3,35,20,4,19,5,5,5,10,7,7,8,5,7,8,5,7,4,28,13,4,90,3,15,27,23,55,5,3,24,16,5,41,42,5,5,15,3,5,19,19,24,9,6,7,10,5,33,12,4,30,16,4,5,26,4,6,19,4,70,4,54,49,4,4,21,15,4,7,3,13,13,12,81,4,4,19,5,5,26,3,7,18,4,14,40,4,13,24,13,15,24,81,81,36,28,21,16,18,9,4,4,74,16,29,33,6,6,4,4,78,80,4,6,5,68,5,3,4,3,4,3,4,28,5,4,80,12,5,3,16,4,19,27,4,6,4,3,31,4,71,16,31,4,6,4,10,13,6,30,32,23,39,3,3,5,3,80,33,4,10,25,9,4,4,6,15,6,28,4,3,5,4,5,3,9,7,3,4,8,6,8,5,5,5,16,6,7,3,5,4,4,34,3,8,4,66,11,5,6,6,23,4,8,28,39,39,5,5,5,27,5,27,5,27,20,41,14,4,21,4,2,3,4,28,12,27,5,3,5,4,14,7,20,24,3,6,7,28,7,10,3,15,11,6,7,4,11,4,4,4,5,6,5,5,7,4,3,9,4,3,4,15,7,4,11,29,10,29,29,29,7,232,70,3,17,3,5,3,20,5,5,36,6,34,6,5,4,3,5,8,3,3,5,3,3,9,15,3,7,6,12,7,5,3,15,5,3,34,6,5,4,3,3,5,7,27,3,13,7,3,6,14,26,25,4,16,16,18,3,39,3,11,3,114,4,5,25,3,8,22,6,7,4,14,5,5,6,5,9,6,10,4,7,3,10,6,18,4,18,15,7,7,4,7,6,5,4,30,4,3,4,3,4,7,3,4,3,5,8,3,4,3,3,30,4,27,2,3,13,3,13,7,3,5,3,11,4,3,4,5,21,5,13,11,11,5,36,0,5,18,9,2,35,22,3,29,12,4,3,13,29,3,14,5,15,0,3,11,7,3,13,7,10,4,5,13,6,6,22,8,6,9,9,5,549,3,42,3,159,15,7,3,540,3,4,5,4,3,10,4,3,10,4,5,13,9,3,4,3,7,25,75,31,13,3,3,3,3,7,98,4,7,4,8,4,15,4,5,15,6,7,6,3,11,3,5,3,5,3,16,3,13,9,5,6,3,4,3,6,14,35,4,6,22,3,17,7,5,5,3,3,3,37,5,3,7,9,3,5,3,30,26,3,301,3,7,4,28,3,20,4,5,3,5,16,4,4,9,14,7,5,8,5,6,13,0,5,3,5,8,9,5,13,9,8,3,17,8,21,12,11,9,9,5,45,4,12,3,9,3,5,6,20,20,4,13,19,17,5,4,5,13,5,5,44,3,5,3,5,5,3,3,4,5,3,4,5,5,4,11,5,10,5,40,47,7,4,3,49,49,6,24,5,4,7,7,6,8,70,3,19,19,17,41,5,5,4,6,27,59,6,3,3,6,6,82,30,11,3,4,21,10,6,5,22,3,3,3,13,7,4,3,4,5,10,70,4,13,48,18,8,7,94,18,81,3,4,5,3,27,13,5,16,4,3,4,13,9,15,5,5,18,6,15,4,4,213,13,4,13,15,12,18,4,5,15,7,3,10,4,31,4,4,13,23,9,3,2,2,5,19,23,5,11,15,9,13,4,5,38,7,38,13,11,7,20,24,5,15,4,20,7,13,4,7,38,6,8,12,5,38,10,8,38,13,7,39,3,4,4,7,5,8,9,14,38,11,36,7,16,8,5,6,27,8,7,3,8,38,4,10,5,3,6,5,27,7,5,4,4,8,6,21,18,6,5,4,3,3,15,3,5,14,28,5,2,17,10,19,17,2,2,4,31,23,2,17,4,3,15,38,38,3,38,2,4,13,3,6,3,49,3,4,6,4,3,5,20,6,13,5,22,28,7,5,27,5,5,9,3,5,10,28,9,28,10,15,8,8,5,3,27,3,10,5,8,3,28,9,28,28,28,0,3,27,34,3,5,3,6,28,5,5,27,4,5,4,28,5,6,5,5,4,28,34,6,27,5,10,5,6,8,33,28,9,3,8,0,29,10,6,9,8,8,16,4,10,15,18,38,3,2,3,38,3,7,5,90,7,4,14,4,5,21,5,11,3,6,8,4,3,5,14,6,4,3,5,9,4,14,5,3,22,19,10,4,3,13,29,23,14,21,8,4,3,6,5,14,13,4,5,3,6,10,3,3,16,9,6,5,5,3,5,17,5,117,3,3,39,3,4,6,19,6,3,3,12,8,12,5,6,15,7,13,36,4,8,11,3,3,5,4,18,27,11,3,11,17,11,65,5,5,3,32,24,13,82,3,20,6,6,4,10,6,19,11,5,7,8,20,5,4,4,4,4,4,11,11,5,21,16,25,7,5,7,5,8,7,13,8,14,4,4,17,6,5,26,5,16,25,13,5,657,4,233,161,233,6,4,3,4,5,6,5,9,10,11,16,3,6,6,5,14,5,10,11,3,3,7,10,5,7,10,11,3,3,5,4,3,5,3,29,19,6,4,4,8,13,5,15,2,3,3,10,6,4,3,13,27,11,5,27,4,3,27,16,3,27,12,5,4,5,7,4,4,37,11,17,10,9,4,4,5,3,18,6,3,9,13,17,30,4,4,49,13,5,21,18,9,12,8,8,6,5,31,19,4,3,6,4,9,3,4,41,5,9,8,4,458,9,3,4,6,4,3,872,8,9,6,3,3,472,9,4,3,3,4,11,4,4,3,2848,11,4,4,3,4,5,4,3,2863,70,4,57,5,3,5,3,3,5,14,5,3,7,8,941,6,4,5,3,3,21,4,3,5,4,29,20,5,4,6,17,14,6,13,3,7,15,12,8,14,8,7,24,5,32,27,24,4,8,32,40,19,11,5,6,3,4,8,3,4,3,5,5,3,4,4,3,8,6,5,9,9,4,4,7,6,3,3,3,9,4,4,3,5,5,7,100,7,5,108,3,5,3,14,4,4,3,6,3,58,6,48,4,10,13,20,9,7,22,6,8,8,4,72,10,4,3,6,4,3,20,17,3,3,7,6,165,5,5,12,3,5,5,9,3,5,5,9,3,4,3,5,5,3,3,5,3,4,3,7,5,14,3,3,3,4,4,3,5,3,14,5,3,3,0,3,3,4,4,3,12,5,8,13,3,5,14,40,13,3,6,5,6,15,3,5,13,3,5,3,13,4,4,3,12,6,13,6,5,15,5,13,7,13,238,3,18,15,13,13,3,18,15,13,13,3,18,15,13,13,3,18,15,13,13,3,10,6,18,7,4,3,4,5,9,5,4,3,3,5,4428,14,4,5,9,13,3,6,3,3,5,4,36,15,238,3,14,13,15,17,3,14,13,15,9,7,4,11,4,13,5,7,318,6,15,20,5,38,72,4,4,4,7,4,47,5,8,233,5,3,3,88,13,15,11,12,0,5,9,8,5,4,5,10,7,5,12,7,5,12,7,5,12,7,5,10,7,5,7,7,5,14,24,13,20,6,9,7,23,7,19,7,32,4,5,28,20,6,25,6,203,123,3,17,6,24,7,7,4,7,21,8,10,6,14,5,13,17,9,5,12,7,6,12,4,8,13,20,275,11,20,20,11,13,4,6,4,41,11,52,3,15,9,10,20,10,3,6,10,4,17,6,9,4,9,4,5,17,4,6,6,61,9,4,5,4,44,4,18,17,49,45,56,4,46,46,43,46,50,7,7,15,4,4,3,3,36,31,14,54,56,51,56,4,4,21,36,31,39,56,56,4,564,36,14,4,56,4,14,5,4,73,3,36,6,5,72,285,8,3,5,10,8,12,9,3,6,5,36,14,4,3,3,40,14,36,45,4,12,6,5,3,8,9,4,11,5,15,3,4,6,3,5,5,3,5,7,14,7,15,10,6,4,6,65,4,3,15,3,5,5,12,5,7,8,6,5,18,6,5,11,9,8,7,6,3,16,12,3,3,5,21,6,5,5,22,7,3,5,5,24,4,15,71,4,11,3,4,5,5,3,17,3,5,8,5,12,9,3,10,5,4,4,3,4,4,4,4,5,13,13,5,8,4,7,7,8,3,8,11,4,3,14,5,6,3,11,3,19,4,3,6,10,4,4,4,411,3,14,3,9,27,14,30,5,7,3,6,7,3,9,4,5,10,5,7,4,4,133,5,4,9,5,6,3,9,6,6,9,5,3,3,26,3,3,4,6,3,3,46,4,12,4,11,4,4,3,9,5,9,8,10,7,10,12,11,3,4,13,18,12,10,144,3,3,16,4,17,20,25,17,18,17,4,5,16,4,25,17,21,41,17,17,18,18,4,17,5,140,17,8,4,12,18,14,14,6,5,4,6,11,5,7,3,4111,12,0,5,14,5,5,4,4,3,4,6,78,4,1404,4,63,4,11,162,63,101,13,3,11,14,34,13,17,40,13,15,29,40,6,20,13,6,20,13,3,3,13,11,13,14,35,15,6,17,17,6,3,3,19,6,4,4,6,5,29,16,3,3,5,6,4,6,4,4,12,9,3,4,3,191,4,12,25,3,4,5,6,3,139,142,7,139,18,3,5,18,4,178,3,6,4,10,3,4,4,32,3,3,5,3,4,9,6,11,3,11,3,3,27,27,27,27,4,3,3,3,39,3,5,10,6,12,3,88,3,3,4,3,10,158,48,15,0,4,4,10,7,4,5,13,3,11,3,12,11,3,4,5,5,4,3,7,28,7,21,7,28,3,7,8,7,16,4,13,7,6,20,4,3,7,3,3,3,5,317,4,4,4,4,17,13,3,3,3,53,4,11,6,3,3,4,8,283,4,4,4,18,9,3,18,25,3,18,9,18,4,25,18,9,18,25,18,9,18,25,18,9,18,25,9,25,18,9,18,18,18,4,4,51,4,6,3,4,4,33,5,4,152,3,10,4,17,153,3,11,3,6,3,4,67,5,3,3,3,742,3,56,3,5,6,4,7,3,18,9,100,10,4,7,4,4,3,4,7,5,4,9,21,12,5,3,4,6,4,9,3,15,12,5,8,3,5,7,3,4,5,7,4,3,3,8,6,66,5,248,88,3,18,13,7,6,3,3,7,4,13,3,3,3,10,3,5,24,3,15,6,11,3,3,12,3,3,41,4,10,3,3,4,4,6,4,23,3,6,10,27,5,5,10,3,3,10,3,1930,12,3,3,4,16,3,3,4,7,27,4,6,3,29,27,3,3,7,3,4,11,17,3,4,3,12,3,10,16,5,3,3,10,5,3,6,135,5,3,24,199,4,5,12,4,16,13,3,9,6,13,33,5,4,3,5,17,4,44,20,5,40,16,10,10,263,9,5,4,13,16,4,5,3,7,3,4,7,3,14,4,17,4,3,15,19,3,3,3,5,5,5,16,5,12,3,4,17,17,4,11,30,4,28,20,7,7,509,3,4,1327,4,112,5,8,13,4,168,13,112,3,3,46,115,5,3,3,3,4,3,118,5,28,3,3,13,313,3,42,5,14,5,0,4,10,11,13,10,448,127,4,13,3,587,6,8,4,3,113,3,50,284,39,4,42,5,38,11,3,391,17,4,5,11,3,3,121,22,3,3,121,3,3,6,203,6,4,16,27,8,64,30,30,10,5,6,3,6,11,5,24,3,3,121,22,3,30,20,8,7,5,3,4,4,3,5,7,7,10,158,4,8,3,4,41,34,3,4,7,7,3,5,7,4,22,12,5,22,22,2,28,2,5,6,25,5,29,3,6,29,2,242,6,4,473,103,9,68,4,10,4,22,23,19,29,6,4,7,7,68,23,17,148,4,4,5,3,3,61,4,84,84,3,3,5,3,3,6,48,10,4,4,6,4,11,20,237,231,9,9,22,3,4,6,47,4,3,3,3,14,7,3,12,6,3,2,31,10,5,3,3,7,8,7,3,5,31,5,10,4,4,247,5,5,3,20,10,4,5,3,5,4,46,15,13,9,3,3,5,3,8,144,9,4,5,5,15,10,10,3,220,14,13,8,4,8,4,12,5,18,3,5,5,20,5,4,4,4,4,3,4,6,17,6,6,27,96,249,3,145,171,5,3,230,136,3,4,19,28,6,3,4,4,5,4,3,707,8,15,3,173,263,75,19,88,61,41,114,15,32,3,106,4,57,3,17,3,111,4,78,107,76,76,8,36,111,78,30,5,80,112,4,189,80,74,103,91,75,107,112,110,77,121,74,16,112,120,77,75,78,112,56,57,56,57,58,81,79,78,98,81,96,112,58,80,57,71,98,97,56,109,81,34,25,99,81,105,98,81,75,97,32,109,8,112,112,8,10,32,3,5,20,48,113,29,5,114,114,75,75,4,9,44,46,69,74,11,80,105,121,105,121,90,78,70,120,74,78,77,80,56,116,78,112,38,57,28,106,120,105,37,72,112,46,99,81,96,113,95,98,64,57,28,37,72,112,46,112,112,106,106,112,106,112,112,35,34,6,704,71,9,211,11,137,88,6,11,23,3,7,7,18,4,5,6,7,3,13,7,3,3,9,4,7,615,124,50,70,3,5,40,5,5,4,6,4,3,7,3,418,10,138,3,4,5,80,8,153,7,5,3,6,14,4,6,5,3,6,6,8,4,4,60,20,4,97,99,61,66,99,99,98,98,99,97,3,4,4,4,13,3,5,4,4,5,3,5,8,5,3,5,4,3,3,5,3,4,5,4,3,3,5,3,6,8,3,4,6,3,7,4,5,3,4,36,72,11,4,3,7,24,5,8,3,3,4,4,3,4,5,7,3,4,21,5,4,4,62,59,93,7,6,327,4,4,7,4,9,4,5,5,11,5,5,5,3,6,5,7,12,7,3,4,4,6,3,3,4,3,3,3,5,5,3,4,3,4,7,6,5,3,4,3,134,116,132,10,27,13,4,4,5,5,5,4,15,8,3,3,3,3,16,6,4,3,7,8,4,6,3,3,3,3,3,4,4,9,3,5,4,5,4,6,8,13,3,6,120,20,3,118,4,16,4,21,12,4,56,65,10,40,61,4,19,14,3,8,9,7,7,3,3,3,3,4,3,8,6,4,4,3,9,6,5,11,6,11,3,6,7,5,7,9,6,5,10,4,8,5,4,3,8,4,3,10,6,4,3,5,4,3,8,3,4,10,4,4,13,3,4,9,56,3,4,27,4,25,25,25,4,57,22,14,3,76,16,4,39,37,7,4,77,3,6,114,5,7,122,141,4,13,8,6,5,8,4,10,5,5,13,4,17,18,19,13,21,11,3,3,120,6,15,8,96,11,5,8,4,5,117,4,3,4,85,4,11,7,6,106,3,9,5,4,4,5,5,12,8,4,154,8,5,4,3,3,4,3,3,4,59,23,3,110,6,4,4,3,3,5,3,11,6,15,3,26,4,4,3,13,6,8,13,73,7,3,4,7,3,9,26,4,3,4,5,12,5,16,9,21,3,4,17,15,16,26,62,6,5,74,3,4,3,3,4,24,6,10,4,4,3,461,13,3,104,5,10,5,3,99,5,5,3,5,14,6,96,4,3,16,16,8,109,116,41,21,7,4,4,11,6,8,4,5,13,4,31,3,4,3,112,20,7,7,234,18,13,3,6,3,4,21,3,3,4,15,14,19,3,5,11,5,158,16,12,253,11,15,5,11,7,3,3,4,118,26,38,9,3,7,5,4,136,5,3,5,204,4,30,3,7,3,4,5,12,6,19,7,4,9,3,4,115,124,9,4,4,5,9,3,16,20,23,16,18,23,22,26,11,14,11,6,23,64,11,3,3,63,76,3,4,3,64,64,5,57,8,3,4,3,5,3,4,44,45,16,112,4,5,3,4,9,5,3,5,5,4,3,8,109,3,3,7,5,6,5,3,3,3,6,8,7,3,0,5,6,41,5,5,6,13,6,35,3,3,3,5,5,11,6,6,12,131,3,3,19,4,3,4,3,5,4,4,60,50,4,8,8,13,4,4,7,3,8,4,10,5,46,3,6,7,83,4,7,3,7,61,31,5,3,3,3,26,3,19,31,9,6,5,9,5,3,3,3,5,3,5,7,12,3,21,7,22,3,51,49,49,55,58,51,57,61,50,4,3,5,9,3,3,4,3,4,3,3,6,10,4,21,4,13,3,3,26,18,9,50,1438,3,6,35,10,16,115,3,51,17,4,3,4,3,3,11,5,3,3,4,3,3,3,4,4,4,3,13,3,4,4,10,4,3,11,5,3,17,41,3,4,4,3,3,270,4,5,6,4,7,39,39,39,3,3,7,3,23,5,3,8,7,11,3,15,10,15,11,3,5,6,3,5,15,6,148,3,12,6,3,6,8,4,4,9,13,23,17,3,3,13,4,5,269,4,5,4,4,69,3,6,63,3,8,9,10,8,8,4,37,45,5,3,10,3,19,7,16,3,263,9,3,71,3,3,6,24,25,11,7,4,3,46,6,41,16,5,84,6,7,3,11,3,5,57,4,7,16,6,4,137,63,5,29,11,7,11,3,8,4,20,7,31,3,27,27,27,4,6,17,3,3,3,23,11,3,5,5,4,3,4,3,236,5,57,4,4,16,6,87,4,4,100,58,100,3,4,4,15,4,14,8,4,40,4,16,8,9,12,8,4,3,3,169,4,9,8,4,5,4,64,3,7,3,14,34,25,3,4,10,15,9,4,11,9,4,3,3,3,4,4,266,106,102,105,105,56,5,4,15,13,5,22,3,3,8,4,7,47,3,17,73,10,13,20,12,6,5,19,3,4,16,3,20,9,4,20,200,9,3,23,24,3,245,7,15,59,245,6,3,5,4,5,6,18,3,3,8,13,3,9,70,3,6,3,5,6,7,6,4,3,6,6,5,99,3,5,11,10,31,14,11,3,167,10,4,16,4,5,3,17,5,4,3,9,4,5,5,3,6,3,4,3,4,4,5,32,28,3,6,24,3,9,201,4,3,61,10,3,22,5,10,4,91,20,3,5,8,158,3,203,123,213,3,28,39,39,4,4,27,4,112,5,14,7,5,4,118,32,111,5,9,4,54,8,3,9,9,7,10,18,8,3,4,21,5,5,23,6,5,8,5,4,4,12,8,3,6,4,89,8,5,42,5,80,4,3,4,4,11,9,12,3,4,9,11,4,3,3,14,5,230,3,4,3,3,3,3,3,4,5,3,3,4,5,23,504,2,3,3,3,3,3,4,35,29,3,10,3,150,3,3,33,7,17,9,4,3,3,8,28,22,3,11,5,3,5,30,3,3,18,15,11,5,70,5,3,13,9,5,5,5,12,5,3,5,3,9,28,3,4,4,18,24,4,292,13,3,3,12,3,49,49,4,7,256,4,16,5,4,3,3,7,5,3,3,19,13,5,256,3,4,14,3,10,17,3,58,5,30,33,155,6,61,9,4,4,25,4,3,8,19,14,13,134,11,14,25,192,17,3,4,4,16,3,55,4,4,3,4,4,10,4,9,10,4,21,6,4,6,8,4,3,6,32,6,4,4,4,3,109,4,6,7,7,12,3,16,7,7,3,4,11,3,4,22,4,3,202,6,9,5,5,5,9,5,5,8,8,4,8,3,4,5,5,159,3,5,11,5,4,4,75,5,60,7,4,20,5,3,3,5,5,10,7,15,4,33,4,3,31,3,419,4,10,12,3,3,18,9,8,3,3,26,4,26,59,3,19,33,5,215,9,7,5,42,19,17,27,29,3,19,7,4,5,18,10,10,18,6,4,4,12,11,38,123,5,201,4,157,3,26,669,248,224,7,6,295,12,9,4,4,13,3,8,3,3,6,10,7,3,11,8,5,6,10,3,9,6,3,12,13,4,15,12,5,4,7,9,64,3,17,13,5,17,14,40,20,4,8,4,4,4,6,4,4,5,4,3,10,3,3,6,3,12,3,11,5,20,3,14,10,3,21,5,7,7,7,4,13,4,5,13,4,5,3,5,6,13,8,7,7,31,6,6,7,3,4,4,25,3,13,3,7,17,6,92,16,7,9,9,4,5,5,4,3,5,5,3,5,5,5,3,4,3,9,5,5,3,3,5,5,4,3,3,9,5,13,6,68,4,23,38,3,25,66,102,9,3,6,24,102,3,99,3,74,8,42,3,75,3,102,7,45,3,3,37,3,9,3,3,3,102,103,102,100,111,103,114,102,39,3,76,95,3,35,3,25,29,3,67,72,3,93,107,108,8,45,27,107,36,4,3,3,6,4,4,5,3,8,0,3,386,4,52,22,5,65,40,4,28,17,3,20,9,8,11,3,141,32,9,4,12,104,16,5,4,31,10,4,11,85,6,4,17,12,30,27,5,21,26,3,4,3,7,4,7,8,4,3,20,12,81,8,29,4,4,3,15,16,10,9,4,14,60,4,23,4,8,28,3,26,4,3,15,3,16,12,4,3,80,3,5,106,12,26,3,4,4,6,5,48,26,3,6,23,4,22,5,3,5,28,27,5,25,26,3,4,6,3,24,3,6,10,32,34,3,7,14,6,5,3,4,8,4,6,4,34,15,6,26,13,5,4,18,3,4,3,5,13,3,7,4,99,5,7,19,13,3,3,16,4,4,4,3,3,3,27,27,4,29,27,3,5,5,5,5,27,3,5,36,12,27,27,18,9,5,4,6,4,5,23,5,4,3,7,3,11,3,4,3,7,4,32,6,29,7,9,3,5,9,10,23,11,150,6,3,5,3,14,3,3,5,29,14,3,3,4,5,3,9,5,6,17,6,3,3,25,1085,19,21,198,5,7,206,4,28,4,11,4,11,7,15,13,11,9,11,9,11,3,5,7,4,4,11,3,4,15,3,7,4,14,17,4,13,5,3,4,4,13,7,3,3,2,43,23,3,7,5,7,13,10,5,11,3,183,3,4,4,5,14,3,11,3,6,6,68,34,3,3,26,7,11,4,4,13,6,3,7,7,4,5,6,3,7,5,4,5,4,10,6,6,4,6,3,7,3,5,3,7,41,4,3,233,15,4,4,21,20,6,9,125,29,4,158,4,4,62,10,33,10,10,5,4,7,4,12,3,11,3,4,5,3,36,8,12,3,3,6,58,3,19,41,9,7,5,23,6,11,6,19,3,3,3,4,4,79,6,6,38,3,3,48,19,26,8,7,345,7,3,4,22,19,3,61,5,5,4,30,6,35,3,3,3,3,7,57,4,8,3,15,2,29,3,3,5,4,9,7,3,3,10,5,3,58,4,56,3,6,4,4,13,3,4,3,37,3,7,4,27,4,3,4,5,5,27,3,4,5,13,7,19,3,129,6,20,64,3,2,5,13,3,38,3,2,14,7,6,4,4,7,6,27,3,5,4,28,5,28,3,27,9,3,5,9,3,3,28,6,28,3,28,5,5,8,3,8,27,5,7,5,3,4,28,10,3,39,3,60,5,3,398,3,38,5,4,993,11,132,5,4,8,7,4,4,5,4,34,5,3,3,6,6,4,4,7,3,10,3,3,4,13,15,20,29,632,12,4,7,6,277,10,4,7,125,7,3,11,17,6,134,4,3,23,8,20,7,94,5,6,3,7,16,13,4,4,37,3,3,11,14,39,3,16,8,7,3,3,8,84,12,4,22,24,22,4,22,7,6,8,20,56,4,18,20,163,152,161,73,6,10,3,10,15,3,3,17,8,21,15,3,3,15,3,3,5,15,3,3,3,3,5,11,16,19,6,7,6,3,5,27,30,4,27,5,5,7,75,8,238,24,3,6,12,52,7,5,4,12,30,9,6,4,12,4,11,6,480,11,4,3,11,5,3,31,4,4,4,4,5,5,4,5,4,14,13,8,18,14,32,10,3,28,4,12,213,8,17,3,8,10,7,221,13,3,9,61,3,4,124,6,10,11,5,10,3,6,4,3,13,3,13,3,18,15,13,13,3,18,15,13,13,3,18,15,13,13,3,18,15,13,13,3,18,15,13,13,3,18,15,13,13,3,10,15,3,14,13,3,10,17,3,14,13,15,17,3,14,13,15,14,6,4,5,6,7,209,8,4,8,4,5,5,4,57,3,4,5,19,4,5,7,7,7,7,7,7,10,5,4,203,5,4,4,12,275,5,4,7,6,5,4,5,5,21,5,31,3,5,3,1454,6,17,159,48,4,277,4,14,2,5,3,4,54,56,4,17,3,23,468,4,5,4,73,3,6,5,72,3,230,3,5,12,7,157,5,206,3,4,4,13,8,5,3,28,7,5,3,4,8,4,4,10,4,25,17,10,303,3,201,5,3,7,3,5,7,24,22,4,13,3,10,4,22,6,36,5,15,5,3,4,11,4,26,3,4,8,3,9,16,3,3,6,6,3,3,3,8,3,12,3,4,6,3,5,3,3,4,4,5,3,58,5,3,7,25,9,4,20,13,393,7,13,4,7,3,16,5,3,7,8,4,3,3,168,3,3,3,6,13,11,4,22,11,4,41,4,4,4,3,3,893,3,224,5,3,316,23,17,3,14,35,7,4,142,140,139,16,20,14,6,4,187,3,3,4045,0,5,4,5,13,4,3,3,4,14,13,7,3,4,14,19,6,17,6,3,3,3,3635,19,27,6,5,16,5,6,4,4,8,8,177,57,43,4,5,6,8,477,18,7,182,132,29,114,3,6,3,27,27,17,27,139,10,9,8,3,3,5,7,10,4,9,0,4,4,9,52,3,11,12,3,5,28,3,7,16,12,3,4,4,24,3,13,132,6,4,4,3,4,54,97,62,3,17,139,4,10,4,18,18,9,18,4,9,9,9,25,9,9,18,9,18,25,18,9,18,25,25,101,13,9,9,4,4,83,67,4,7,3,7,5,4,10,22,4,45,4,4,3,3,159,3,3,229,20,3,140,3,3,23,4,4,19,7,3,4,5,3,5,3,13,5,3,25,4,7,66,5,154,154,88,3,6,17,3,7,4,8,62,3,15,3,10,84,126,12,3,3,4,4,3,9,6,27,5,60,7,3,10,3,186,1864,12,4,11,3,21,3,3,5,6,8,3,3,3,4,11,3,4,4,3,3,10,160,5,3,4,60,4,4,12,3,4,8,4,12,4,6,7,3,87,22,4,3,3,3,5,6,3,5,3,3,4,5,3,5,4,11,3,4,4,13,3,4,6,4,4,15,3,43,5,5,6,8,3,48,6,8,42,4,3,33,10,16,3,3,38,26,209,5,12,5,16,13,9,13,34,4,5,10,10,7,10,3,9,5,15,7,5,6,6,3,21,4,26,4,17,4,4,3,11,7,5,4,3,5,4,30,15,28,3,25,30,5,7,7,8,5,7,33,11,84,7,4,11,4,144,12,20,110,3,3,3,5,4,3,21,116,27,5,28,50,3,17,13,3,285,154,5,10,5,0,4,6,10,382,7,147,7,5,114,334,39,4,12,2,38,27,98,9,8,24,3,121,200,24,16,160,58,26,6,44,10,5,8,5,3,5,24,8,7,5,10,15,58,3,77,3,17,8,5,22,12,10,3,27,5,2,28,2,5,6,6,29,13,242,6,75,15,242,8,4,24,40,23,19,5,7,15,86,51,17,4,5,6,3,61,4,122,3,7,3,48,7,16,4,21,4,9,80,3,3,7,229,1189,3,4,6,47,4,3,3,14,2,31,3,0,3,6,8,7,3,4,3,13,4,19,10,3,3,9,47,15,3,5,3,11,8,191,9,15,10,34,8,4,6,8,3,120,5,0,4,4,4,4,3,4,6,17,6,6,181,3,351,3,12,3,6,3,17,155,718,73,3,114,3,7,9,106,74,3,3,59,4,76,37,4,114,111,75,75,108,115,122,43,7,120,112,58,120,56,120,97,81,33,81,58,33,80,74,8,34,21,109,110,97,56,109,112,8,10,3,170,5,3,115,3,3,16,114,114,74,57,73,4,4,73,75,14,49,80,120,57,3,126,5,11,117,58,38,126,58,38,8,3,56,46,42,112,106,8,112,112,35,112,103,6,5,4,8,3,232,129,133,7,3,6,3,0,15,3,3,3,539,4,3,137,58,3,13,3,5,11,4,3,3,60,140,3,12,4,4,3,6,6,5,3,8,20,15,96,3,4,97,99,100,99,98,98,99,98,10,3,9,15,8,237,68,8,205,3,21,5,93,94,4,93,7,3,5,8,8,3,6,8,7,13,5,9,6,6,9,3,4,3,5,5,14,62,6,7,4,14,13,4,3,117,4,5,130,3,3,3,5,4,4,4,0,4,3,18,6,9,4,5,5,7,20,485,129,120,39,4,4,54,66,83,135,4,4,8,9,4,3,5,3,3,8,6,5,11,3,9,3,3,10,6,6,5,3,4,3,4,4,3,3,5,4,3,6,5,4,3,5,6,3,4,7,4,4,13,4,4,3,210,4,5,3,4,31,20,31,6,3,77,3,6,26,27,7,19,12,4,4,3,9,4,17,3,3,3,131,6,4,15,10,5,3,4,7,3,16,4,10,4,5,7,8,12,4,3,3,4,4,108,4,5,21,4,5,3,53,4,9,5,4,5,7,58,4,84,6,7,4,3,5,12,45,3,9,3,4,4,20,4,5,4,14,4,3,3,7,4,16,8,27,4,3,5,21,8,5,3,20,4,21,21,4,1938,15,43,41,10,3,4,4,116,118,3,103,3,100,18,3,8,3,8,11,6,233,118,133,22,29,3,4,90,6,25,3,6,4,0,3,6,3,209,13,134,134,3,5,7,3,4,3,37,4,5,4,3,3,3,5,733,116,10,38,10,9,4,3,9,115,5,9,3,41,5,57,3,12,12,10,3,4,3,624,40,4,4,9,3,18,8,9,3,32,18,23,10,7,3,11,5,8,11,4,7,9,25,78,3,3,3,3,5,57,8,3,4,47,9,4,114,4,8,3,5,3,4,3,6,5,3,12,3,5,5,3,0,5,3,3,6,3,20,10,13,6,3,3,10,3,4,18,3,6,4,27,104,8,10,8,8,3,3,10,3,7,186,4,7,3,29,19,10,5,9,4,3,3,3,11,90,5,49,3,49,49,61,49,50,50,4,208,3,3,57,4,3,3,5,4,10,21,62,3,3,26,18,9,4,677,5,117,3,5,39,4,5,3,3,4,3,3,4,4,13,6,4,3,4,17,4,11,4,3,10,3,6,3,5,5,3,5,3,15,5,9,11,5,13,8,3,8,3,4,4,3,4,3,4,6,7,11,4,3,3,6,9,8,8,4,5,19,188,17,16,14,9,63,3,12,7,6,3,33,50,7,3,11,5,16,9,4,11,7,11,3,7,43,4,27,27,6,3,7,5,5,214,8,4,16,4,4,76,3,3,4,3,7,12,5,4,8,11,7,4,9,7,4,8,9,8,4,3,4,10,6,4,13,7,3,3,16,25,5,5,10,4,3,95,4,5,4,15,6,3,9,3,6,3,12,4,3,4,4,4,266,120,108,100,56,56,3,13,23,4,52,3,23,3,14,8,8,3,3,4,6,12,6,5,19,3,20,60,199,3,24,31,3,245,15,85,245,4,4,6,17,7,6,8,65,3,5,11,50,14,9,5,3,6,6,108,3,9,11,157,11,123,11,4,3,9,4,5,5,4,3,3,3,4,4,5,32,3,6,24,114,12,21,4,75,26,315,67,20,3,5,8,126,224,86,10,18,4,199,5,48,5,127,119,111,9,89,3,5,7,14,6,6,5,4,16,171,563,22,4,4,3,3,4,5,3,129,5,10,3,6,6,5,3,5,7,6,4,13,10,4,35,35,5,315,4,3,9,3,3,3,3,3,4,68,5,504,2,3,4,35,11,3,39,32,17,3,3,8,28,3,11,4,33,33,30,3,5,3,15,5,70,31,8,24,245,5,3,4,3,21,9,28,3,4,12,7,41,24,4,3,3,3,49,51,59,49,15,57,51,48,49,4,4,4,5,4,72,3,3,38,5,255,17,3,4,35,25,85,25,5,33,33,196,6,4,61,9,47,105,4,3,14,7,150,11,14,25,94,11,56,4,4,23,3,6,9,10,4,4,10,9,4,7,4,6,3,4,9,3,4,4,4,3,7,4,8,8,6,14,3,230,0,6,9,5,5,5,9,9,9,5,8,8,4,17,4,3,11,4,4,4,5,13,5,3,249,21,15,7,14,6,31,4,10,4,25,9,8,3,27,25,5,173,3,9,7,19,40,19,6,5,7,16,12,11,38,108,4,76,157,248,479,13,252,12,244,4,3,8,3,3,10,3,9,3,14,3,3,12,5,4,6,31,5,4,15,12,5,4,3,20,17,13,17,4,8,4,17,5,4,4,8,9,7,7,3,3,3,4,5,24,18,5,5,9,5,10,11,13,7,11,4,4,15,4,5,10,7,5,6,7,12,10,3,14,10,5,3,6,6,6,6,7,25,15,3,17,16,71,15,7,4,3,5,5,3,5,5,3,5,5,3,3,5,4,5,3,3,5,5,3,3,5,13,3,39,80,21,3,44,14,32,39,60,8,29,3,75,3,75,33,102,7,3,8,103,39,102,3,4,6,13,106,3,8,39,3,76,3,3,102,3,103,102,102,102,64,3,76,97,3,3,38,93,107,3,6,96,27,4,93,96,33,36,4,3,57,91,8,393,4,58,12,29,35,35,5,4,28,28,23,28,34,18,20,28,8,214,14,12,23,109,6,3,138,7,104,30,81,4,29,6,12,4,149,21,3,15,12,4,10,8,10,3,26,4,3,16,9,4,5,12,9,4,3,5,6,4,3,3,4,6,9,6,39,5,3,40,16,4,4,18,3,4,5,6,49,9,3,4,4,16,3,16,5,28,30,30,27,3,3,4,3,6,3,5,13,34,4,18,8,8,4,6,23,4,4,25,6,24,4,3,5,3,9,3,3,88,82,11,13,3,4,3,4,11,3,29,4,3,30,5,27,3,11,14,3,31,11,43,5,6,4,5,23,4,14,4,5,5,5,5,29,7,9,10,39,7,4,3,6,3,5,7,3,5,3,25,10,3,3,6,5,5,5,3,13,5,6,3,5,156,21,126,4,207,4,7,4,10,7,14,10,23,19,13,3,5,5,4,137,19,7,4,14,7,6,10,12,3,4,4,4,2,5,4,3,3,3,3,13,38,50,219,4,5,14,3,3,212,6,68,34,3,6,10,7,11,4,9,3,31,8,3,3,21,3,3,25,10,26,7,6,5,16,10,6,7,4,5,23,38,3,4,3,3,228,17,8,21,175,6,9,32,123,28,30,35,60,4,4,7,4,12,15,3,548,51,55,50,46,3,7,58,3,17,21,23,6,11,56,3,5,3,48,7,284,78,19,3,116,5,4,72,24,199,3,4,4,31,2,29,15,15,17,3,3,4,3,3,4,3,3,4,4,13,3,4,3,4,3,37,4,9,150,20,6,7,64,2,2,3,38,3,2,14,7,10,4,4,7,7,6,6,12,8,7,9,3,2,9,56,28,34,34,3,8,28,10,39,27,124,3,28,801,3,3,5,12,43,5,8,6,7,194,4,121,4,29,4,12,4,15,34,4,16,221,10,97,139,11,134,3,27,126,7,3,3,3,14,37,14,3,8,198,12,15,9,8,4,22,7,6,8,20,13,36,5,882,4,235,235,6,15,3,10,3,5,3,3,17,3,3,3,3,15,3,16,5,6,7,5,7,5,75,3,19,32,122,19,31,3,17,10,4,12,452,11,6,11,4,11,4,3,3,4,6,5,5,4,4,4,4,13,18,14,1400,10,29,27,17,3,3,14,217,16,63,134,4,3,134,10,11,6,18,3,3,13,3,13,3,4,3,18,15,13,13,3,3,18,15,13,13,3,18,15,13,13,3,18,15,13,13,3,18,15,13,13,3,18,15,13,13,3,10,15,3,14,13,3,10,183,3,14,13,15,17,3,14,13,15,14,6,8,8,188,8,8,4,5,5,3,5,5,9,7,7,7,30,7,7,3,7,198,15,30,20,275,5,5,275,5,5,10,5,75,3,5,3,5,4,22,741,68,463,4,14,2,4,15,3,5,258,4,5,72,3,216,5,19,200,12,5,198,12,8,8,4,19,29,19,21,3,24,3,407,5,9,10,4,56,30,3,5,29,5,3,13,3,7,5,21,4,5,4,26,9,7,4,3,16,3,3,8,3,5,3,5,13,3,3,14,3,114,7,8,10,3,216,5,5,3,3,3,6,25,11,4,3,3,914,9,221,5,333,120,15,14,6,4,142,142,12,12,16,14,10,9,3,4,0,5,5,4,3,3,12,13,13,6,6,17,7,4,3,3059,19,27,9,16,7,3,191,10,6,8,3,8,18,2,164,113,3,6,3,27,27,27,27,171,3,117,3,7,7,10,40,9,4,4,11,12,28,20,7,6,18,23,147,4,4,6,65,6,62,283,11,18,4,25,18,9,9,9,25,9,25,9,18,25,18,25,18,9,9,18,13,4,4,4,3,4,6,3,4,10,22,209,5,5,3,280,3,11,4,166,6,3,8,5,11,4,66,4,4,128,138,116,3,7,3,3,12,3,3,5,9,5,5,62,5,3,1632,30,3,4,4,27,17,3,3,3,3,4,10,8,3,3,3,3,362,4,5,3,4,4,7,3,6,5,3,5,4,19,4,14,6,15,7,4,8,3,3,4,4,7,3,3,6,3,7,6,4,7,4,6,3,18,53,3,56,3,3,4,6,7,3,8,3,5,3,9,33,4,42,2677,12,43,13,33,10,8,16,3,3,122,12,13,9,10,10,262,7,29,6,6,19,4,31,4,17,16,3,7,5,4,15,3,5,7,7,82,3,7,11,10,3,3,9,5,13,3,13,291,181,25,4,6,10,365,3,7,59,7,125,3,825,39,4,6,2,38,123,4,25,6,3,3,728,4,30,3,3,8,3,15,170,224,13,4,5,4,7,27,2,5,13,2,29,242,32,9,906,17,58,23,24,57,51,17,4,5,6,3,10,48,6,3,21,4,80,3,7,232,67,4,6,47,3,3,3,14,2,10,5,3,3,4,9,51,13,3,28,9,8,651,9,15,25,4,8,3,128,3,11,95,4,4,6,6,6,282,4,6,3,17,221,75,19,60,12,6,59,106,97,3,59,10,125,79,79,4,122,107,116,112,3,111,30,120,77,77,4,58,77,55,75,112,79,77,97,107,58,33,74,97,79,77,81,34,33,78,81,3,33,112,4,147,4,17,10,3,7,114,76,4,114,3,114,4,3,8,18,67,4,73,58,29,125,79,105,5,121,57,77,116,50,33,114,105,5,112,6,112,106,112,112,103,6,158,3,188,7,3,8,8,87,3,104,106,3,4,4,5,4,3,5,1231,1093,12,4,17,22,160,4,28,68,99,80,99,99,99,98,99,97,10,9,15,360,3,22,17,28,23,9,24,62,4,74,79,11,3,12,7,4,3,4,9,5,12,7,16,3,4,4,32,4,6,14,17,3,118,5,134,3,31,10,4,10,13,12,3,7,4,18,4,9,4,7,3,291,324,4,67,4,17,4,4,134,83,4,83,80,3,4,5,12,3,3,6,5,3,5,6,6,3,13,5,4,4,3,4,4,4,4,3,9,4,4,6,3,131,26,8,104,4,4,3,4,5,53,53,30,62,21,10,3,3,6,4,144,3,8,7,32,4,3,3,4,16,8,117,14,4,8,4,10,213,3,8,12,42,105,4,5,4,4,3,3,3,51,6,3,4,3,1389,59,19,3,5,4,19,3,4,17,4,3,6,23,12,10,8,3,20,3,7,4,118,230,177,4,5,14,4,174,4,21,115,11,3,104,17,86,10,7,88,12,3,17,0,4,408,4,7,3,7,14,8,9,3,7,7,3,23,7,4,3,9,4,32,5,361,148,4,3,24,12,12,4,3,61,64,8,5,3,33,11,5,6,3,155,4,130,17,460,8,23,20,9,8,12,23,62,57,57,63,3,3,12,45,4,3,4,113,8,7,9,3,3,6,0,5,6,12,136,9,7,8,8,44,3,308,247,64,8,3,188,3,68,9,9,6,3,3,11,7,4,3,5,5,11,36,5,3,49,49,49,56,4,59,56,4,41,3,8,18,3,4,7,3,4,22,21,3,19,18,9,439,3,5,4,21,3,4,67,116,3,5,10,84,7,3,4,4,13,12,3,12,4,6,248,4,3,19,18,19,3,5,16,3,33,50,3,11,16,11,11,3,29,4,30,6,7,9,3,121,4,101,3,3,7,3,6,9,9,3,14,3,10,5,13,3,11,114,108,100,101,98,237,4,7,8,6,8,21,197,24,245,245,3,6,104,7,15,3,97,3,55,7,3,3,3,89,3,156,11,210,11,4,3,9,4,9,9,3,3,4,4,32,216,4,3,199,81,13,12,5,4,5,3,5,8,233,9,4,197,25,4,56,5,9,4,127,163,111,137,5,4,5,17,3,4,6,3,89,4,3,9,23,3,35,8,6,4,5,4,6,5,5,7,629,4,4,5,444,5,3,3,3,15,39,5,17,2,39,9,35,19,39,32,23,3,8,28,3,3,5,15,5,3,44,70,245,3,5,5,3,21,9,28,3,5,5,3,16,7,18,24,4,3,3,16,3,49,50,49,49,50,36,4,60,4,47,51,3,4,16,5,3,4,3,3,38,5,202,256,3,35,33,198,6,61,9,47,100,4,3,17,3,14,25,136,10,10,4,23,4,7,10,13,9,4,3,6,4,3,6,11,18,6,9,6,6,6,6,4,3,12,7,7,7,4,16,9,6,14,3,188,9,5,5,9,8,8,8,4,11,158,4,5,5,3,15,7,31,10,32,31,3,5,173,9,7,3,3,7,6,12,11,10,38,108,5,93,158,248,217,13,293,12,243,4,3,4,3,9,3,6,14,6,3,3,6,31,129,13,4,4,10,3,20,13,5,13,8,4,4,4,4,7,5,96,5,3,9,24,6,3,9,5,3,5,10,3,7,4,4,4,9,17,5,4,4,3,5,6,13,3,3,7,3,6,10,3,15,3,17,16,68,15,7,4,3,3,5,5,3,5,9,3,5,4,3,3,5,5,3,5,5,13,3,5,102,100,45,8,102,109,3,3,113,3,102,113,103,103,3,39,6,19,86,56,33,3,107,107,110,106,3,4,27,4,19,19,4,3,4,11,3,54,38,48,635,8,270,4,347,42,35,35,35,4,28,28,29,34,21,8,299,22,17,30,17,81,4,21,4,3,5,4,45,6,3,3,4,7,5,81,4,28,10,106,16,3,4,6,5,5,12,101,4,16,20,35,3,39,4,4,62,6,9,3,4,3,54,4,3,3,40,16,4,5,149,5,6,13,4,3,4,4,7,3,5,5,6,24,12,4,23,3,15,4,4,30,5,19,26,4,4,30,25,22,3,0,4,8,3,5,13,3,4,8,3,29,30,5,13,7,3,5,3,13,18,5,6,4,5,7,4,35,5,5,30,6,5,6,5,25,10,3,31,3,4,6,4,5,6,3,5,156,21,82,5,222,4,7,4,7,19,3,9,5,4,19,83,7,4,14,13,7,16,3,4,4,2,31,3,3,13,38,50,579,4,5,3,3,6,68,5,7,4,5,15,5,13,4,6,5,4,3,20,5,7,3,5,6,6,3,5,246,26,4,4,3,19,7,5,38,3,17,3,3,227,17,8,21,6,9,102,123,181,17,82,3,981,12,15,3,500,226,36,56,3,47,47,11,58,3,36,17,21,23,6,11,6,3,48,5,333,5,7,60,4,4,140,81,199,4,4,31,2,29,29,4,3,3,4,3,4,4,13,3,4,39,7,5,153,20,2,2,38,3,7,10,4,5,6,5,8,7,6,5,7,5,3,2,9,198,34,34,7,28,10,60,385,3,38,43,5,18,13,9,4,121,4,28,4,15,29,16,149,10,89,82,7,3,3,14,14,27,3,248,24,22,319,71,6,8,20,4,149,163,163,228,533,6,134,3,10,3,3,7,52,5,75,15,4,320,19,88,4,8,12,284,11,11,4,5,4,4,18,14,165,10,45,332,17,3,14,13,179,4,3,208,10,11,6,18,3,13,3,12,3,18,15,13,13,3,18,15,13,13,3,18,15,13,13,3,18,15,13,13,3,18,15,13,13,3,18,15,13,13,3,10,17,3,14,13,3,17,3,14,13,15,15,3,14,13,15,14,4,8,227,8,8,5,3,38,24,7,649,15,4,20,5,5,5,5,5,87,5,4,20,180,68,243,4,14,2,3,49,4,5,11,3,5,4,5,24,3,221,3,8,199,8,5,8,5,5,57,5,50,
10,14,6,5,9,6,5,6,5,5,5,5,5,10,4,11,7,5,6,6,5,12,4,13,5,5,94,13,94,14,4,4,13,5,7,5,39,76,5,5,39,41,7,58,7,18,8,4,12,5,94,12,94,31,41,12,41,15,35,7,86,5,7,18,17,12,7,3552,4,7,5,58,48,8,5,57,42,68,55,10,6,48,43,52,8,11,9,7,4,4,7,8,5,4,7,29,7,6,8,8,7,6,5,5,12,11,5,14,4,12,11,24,4,7,18,22,35,37,13,13,5,5,5,23,11,51,20,5,23,11,51,20,5,23,11,4,22,7,4,140,496,12,4,6,20,5,4,14,11,5,17,11,16,5,5,11,4,9,4,5,6,4,13,15,12,13,9,5,7,12,11,4,7,4,7,4,7,4,7,4,33,4,33,4,33,4,33,4,33,28,28,28,28,28,28,28,28,28,28,28,7,5,4,7,4,12,4,6,5,7,8,14,5,6,8,7,5,47,7,14,13,10,10,59,9,6,7,10,7,6,4,5,7,16,12,11,7,7,7,7,10,18,6,5,6,4,5,30,4,6,13,8,68,3,4,5,7,6,6,4,19,41,39,4,3,4,39,39,4,4,4,4,4,39,39,3,39,3,39,10,10,11,10,11,6,12,4,10,10,6,10,4,13,12,13,9,5,6,5,5,11,5,14,5,14,5,14,20,13,4,4,7,12,4,9,5,15,62,7,20,13,8,16,25,12,4,25,26,4,16,13,5,14,4,7,5,33,4,7,7,4,4,11,22,11,8,8,5,7,14,7,4,4,5,71,71,7,15,18,13,80,5,19,9,4,19,10,19,26,19,10,4,19,26,19,10,4,19,10,4,19,10,19,26,4,19,4,19,19,5,26,5,5,6,6,12,4,38,7,13,7,8,11,6,18,4,4,16,17,17,14,6,11,12,14,9,10,11,4,9,9,16,12,11,4,15,6,13,21,17,10,14,19,4,15,8,4,6,5,36,10,5,11,8,8,9,8,27,8,8,4,5,10,7,5,4,13,5,6,27,5,8,32,15,5,6,6,15,5,6,8,5,29,5,15,5,6,7,6,10,19,16,5,8,4,8,7,5,5,5,7,35,15,8,14,6,6,9,6,20,10,9,4,8,7,5,19,7,8,4,9,12,6,10,7,14,6,17,5,5,33,9,6,11,5,20,11,7,5,13,7,9,11,6,13,15,4,10,4,14,15,4,4,5,4,4,8,5,4,27,4,4,11,36,26,4,4,4,14,5,14,25,5,7,4,4,8,9,4,8,10,16,5,5,9,8,4,5,24,4,13,5,5,7,11,7,4,20,8,4,19,5,9,4,7,5,5,20,6,13,4,114,4,8,4,4,10,4,11,4,8,4,6,4,10,4,67,13,4,4,7,5,17,4,4,357,8,7,33,5,11,4,24,4,7,4,21,28,4,4,4,4,10,4,4,6,4,7,4,8,14,13,14,6,14,7,6,9,7,5,8,37,10,5,11,10,5,4,11,7,5,5,29,19,22,3,10,4,8,2,14,19,39,25,17,16,39,39,4,19,28,6,18,16,4,4,4,6,6,30,4,6,5,7,58,4,12,6,4,7,6,6,10,14,15,10,7,4,4,10,8,8,8,6,16,9,8,21,8,6,23,18,4,10,32,19,55,5,4,31,5,34,4,23,51,4,5,32,51,21,6,9,7,9,6,13,5,6,9,12,8,4,4,14,20,10,12,7,4,12,16,4,17,5,5,4,18,10,7,4,4,4,6,4,16,5,29,7,18,4,4,12,5,45,5,10,16,6,5,4,31,5,10,29,6,19,5,4,13,5,6,15,5,5,4,16,18,6,29,19,4,5,4,5,5,18,18,5,4,28,5,10,6,10,10,19,4,10,10,4,13,7,12,4,18,20,7,29,4,12,7,27,6,54,9,6,6,8,8,7,6,9,10,6,4,6,55,7,7,101,6,12,13,10,4,4,5,5,4,4,5,11,15,6,4,51,143,10,17,5,6,27,16,20,42,28,3,4,28,4,16,5,172,4,13,14,176,6,12,6,10,10,6,10,10,7,6,4,6,25,5,11,89,115,109,109,6,19,9,7,14,12,20,4,7,6,4,7,7,5,6,11,20,14,4,6,4,13,6,14,7,5,49,4,15,4,4,13,5,5,7,5,6,6,7,5,6,6,18,11,4,52,4,11,13,6,8,4,20,13,7,8,13,4,4,4,5,9,4,49,6,23,15,8,15,4,6,21,43,5,6,30,4,12,9,6,6,201,31,5,10,33,4,8,5,6,39,41,5,12,7,10,24,3,49,4,6,85,6,103,4,5,4,89,100,4,5,4,24,4,20,5,6,7,8,20,22,4,6,31,22,15,6,28,5,28,25,8,6,4,6,5,7,14,7,21,32,10,4,6,4,103,4,4,5,4,122,29,6,29,9,4,8,40,40,4,4,12,6,6,14,11,6,11,6,7,16,7,9,6,7,9,7,4,5,5,16,8,4,8,5,5,11,6,4,18,6,14,40,40,3,6,6,5,11,6,6,30,19,6,17,6,7,3,6,7,2,4,14,3,41,10,7,6,15,8,13,6,6,10,10,5,23,9,8,12,4,4,9,7,12,6,11,6,23,4,7,8,7,7,6,44,7,4,20,7,7,7,15,25,42,8,26,3,5,12,5,8,6,5,29,4,12,9,13,4,11,4,4,6,5,5,5,9,12,5,12,5,92,87,136,87,7,5,6,5,7,4,40,8,15,49,31,7,6,4,4,5,9,16,5,5,4,5,5,16,6,5,4,16,6,5,4,22,23,4,4,6,7,5,4,20,6,4,5,4,10,67,4,7,21,24,4,43,5,4,10,6,6,35,22,4,12,9,24,4,21,5,5,8,7,6,4,4,51,8,48,6,4,4,6,4,4,11,5,5,4,16,8,5,11,25,8,6,17,5,6,18,3,44,9,6,4,4,4,4,8,5,5,10,5,9,9,4,6,4,9,14,7,5,11,6,490,5,4,7,30,9,4,4,4,10,16,23,6,5,5,29,4,4,8,4,9,6,22,11,8,9,4,3,133,18,6,15,4,27,29,4,5,9,5,5,5,5,5,5,5,5,6,5,4,7,28,4,12,13,13,14,33,236,10,12,6,10,10,10,8,4,18,5,15,13,6,5,6,5,5,21,6,24,5,4,6,6,5,5,6,0,5,5,4,8,6,5,4,5,6,10,6,19,4,5,37,8,8,7,6,6,7,5,9,9,7,4,20,8,3,108,6,6,6,6,67,13,6,4,52,6,4,75,112,108,77,112,108,8,14,4,82,31,112,84,4,39,112,81,111,16,80,81,113,83,79,79,9,104,123,106,79,77,113,14,4,113,31,77,76,113,117,5,59,80,78,98,97,82,117,107,76,102,99,99,106,74,81,98,117,99,77,111,82,82,33,77,100,82,82,34,99,82,77,77,82,113,9,110,56,110,9,58,113,113,22,9,5,6,7,5,33,91,54,114,31,4,29,9,6,111,79,106,74,58,77,112,58,75,9,82,106,76,51,82,84,105,113,102,112,91,79,50,129,80,129,106,129,91,8,115,129,113,92,6,58,82,82,73,100,121,100,82,99,124,99,104,98,97,113,50,39,113,52,38,110,73,66,82,52,107,51,52,107,107,52,113,113,113,113,36,113,113,7,21,4,9,7,9,8,11,6,8,8,11,8,27,5,8,9,12,14,8,18,5,5,10,6,7,7,5,4,5,9,22,26,8,5,5,20,49,20,138,4,13,9,9,7,4,6,8,4,8,5,9,8,5,5,12,10,12,5,7,4,7,6,5,7,6,4,6,16,8,5,10,5,47,21,10,21,13,5,5,5,89,101,100,100,106,100,99,100,100,99,100,4,9,6,7,8,7,10,8,8,7,9,9,11,7,9,7,6,8,6,8,17,9,8,8,4,7,15,5,8,6,19,20,19,10,6,6,5,75,97,96,95,94,60,63,97,6,6,13,5,7,6,7,16,13,14,8,10,6,6,6,10,13,11,6,8,7,6,5,6,6,13,7,7,5,6,5,4,4,5,12,7,7,14,10,17,7,5,6,8,6,11,4,5,6,5,5,7,4,7,7,4,20,23,24,12,12,11,9,84,39,11,84,4,6,5,6,4,61,6,6,4,5,8,6,10,6,4,12,6,11,5,4,4,9,5,6,11,5,4,5,10,5,27,27,24,26,62,148,32,25,5,38,33,16,42,35,10,5,6,6,4,6,5,7,19,8,4,9,7,11,8,5,7,9,8,20,5,5,12,6,5,13,14,4,7,21,8,8,13,5,9,5,8,8,4,5,9,13,7,10,5,5,5,5,22,11,9,4,10,10,11,5,25,4,8,5,13,4,9,9,13,8,6,9,8,6,4,8,8,5,8,7,7,4,4,11,7,10,6,6,9,15,8,6,59,15,27,87,7,6,42,5,6,5,6,15,5,101,11,9,15,11,5,9,6,13,4,4,6,5,6,20,13,7,21,5,10,6,11,6,6,15,9,4,8,8,4,4,13,16,10,12,21,4,4,11,4,4,15,4,6,11,7,7,11,11,14,10,14,10,5,11,7,15,4,12,5,6,6,9,3,19,13,6,4,19,8,6,6,13,9,6,11,4,9,4,4,7,6,17,15,21,11,43,26,8,5,37,63,12,61,64,76,64,61,5,58,4,65,4,7,6,6,9,22,46,71,45,72,10,5,4,7,8,21,9,8,8,6,14,11,8,9,7,5,6,8,7,10,11,8,5,6,9,6,35,12,18,15,7,6,5,17,4,5,4,5,10,42,5,5,5,12,7,15,23,16,19,7,4,14,5,4,7,13,5,11,118,3,23,5,5,4,8,8,9,10,3,9,7,5,11,16,16,5,8,18,12,7,6,4,4,11,4,6,12,15,6,5,8,4,8,7,213,9,22,7,4,5,5,30,4,6,6,14,17,15,4,173,22,4,5,13,13,8,4,4,26,5,9,5,4,48,8,8,5,5,6,8,4,9,5,5,8,4,4,8,14,4,4,7,5,9,20,5,7,8,4,5,6,51,53,4,7,59,50,50,51,49,59,60,52,51,5,13,8,7,9,16,10,16,71,6,8,14,53,8,4,8,7,8,3,4,14,7,4,16,14,3,39,4,7,26,22,6,5,7,14,5,11,14,5,4,36,4,14,20,6,62,7,67,6,14,4,6,31,17,15,4,87,5,19,5,12,5,4,8,9,14,6,8,247,5,10,22,10,9,9,23,16,5,4,22,11,4,35,4,35,9,10,7,4,10,7,4,8,5,6,5,5,6,5,4,10,9,5,10,11,7,6,9,10,7,4,6,8,2,36,6,5,4,10,7,4,11,4,9,7,6,4,6,9,6,47,41,10,4,8,9,4,12,16,6,9,12,30,6,4,4,6,8,79,4,7,8,7,4,9,5,4,9,4,4,50,11,4,10,4,6,11,8,4,366,5,7,6,10,6,10,5,67,31,9,13,13,44,6,6,21,6,4,10,6,4,12,9,4,35,13,15,10,4,4,5,11,6,5,10,5,5,30,41,6,8,15,9,10,7,6,5,5,5,7,12,7,6,4,4,11,9,5,17,8,60,7,53,21,5,4,4,9,16,5,5,4,4,4,8,5,12,7,5,11,12,8,6,3,12,12,6,6,28,6,28,6,28,5,6,39,6,6,7,18,20,4,4,4,37,4,4,23,4,12,4,22,12,6,6,4,7,14,4,4,20,10,4,7,9,11,9,5,16,7,12,15,6,8,106,35,15,79,13,7,6,4,147,11,7,10,6,4,5,11,9,7,12,67,10,12,5,6,4,12,14,8,5,6,7,17,36,8,4,4,7,10,12,20,4,13,8,12,5,5,38,29,121,115,105,27,80,79,26,7,12,5,12,9,8,14,9,164,4,5,19,6,4,4,10,5,7,4,4,5,30,17,4,4,10,10,4,21,65,4,4,32,6,28,6,15,18,22,4,4,10,6,4,60,4,4,8,17,8,4,7,5,5,10,5,5,4,8,4,5,6,5,9,87,8,10,6,5,4,4,4,17,7,20,11,5,5,4,4,4,5,9,4,6,18,18,4,14,11,27,59,4,379,5,37,13,5,4,5,6,6,8,5,7,15,26,11,11,12,7,17,49,31,6,7,13,5,5,5,10,5,5,8,5,7,5,5,6,11,11,5,6,9,15,4,94,5,7,9,5,4,4,5,4,4,28,14,9,4,8,5,86,4,13,359,6,6,15,8,4,4,7,5,8,6,8,6,22,8,7,4,5,17,10,16,7,9,4,14,9,5,5,22,6,6,21,6,5,6,4,6,4,77,21,7,10,15,8,5,10,8,8,20,7,6,5,21,9,8,4,28,13,8,15,30,5,6,5,5,17,8,4,28,12,5,7,5,5,11,11,18,17,5,4,5,4,18,5,5,6,19,14,8,22,11,15,7,6,7,5,4,4,5,5,4,10,5,4,5,421,6,5,15,26,8,4,8,7,10,6,5,4,4,14,10,8,4,6,12,8,29,5,3,44,4,30,30,4,4,5,4,5,20,28,14,33,30,6,4,4,22,15,28,4,13,12,28,4,14,9,12,3,28,6,36,8,18,5,18,7,11,6,17,5,25,41,16,15,7,6,4,5,6,3,6,6,4,23,11,31,14,31,16,11,4,14,21,9,4,9,25,8,16,42,71,6,7,4,5,4,5,14,4,4,17,6,12,11,6,21,4,6,4,20,20,5,4,14,15,13,4,6,10,25,15,307,3,42,42,42,4,14,4,0,4,14,42,19,12,5,4,5,8,3,53,17,9,15,13,4,6,13,4,4,53,18,20,4,8,6,7,7,8,6,7,13,7,8,13,14,6,31,4,7,50,50,50,4,51,51,50,50,50,58,52,51,5,8,56,4,4,7,7,13,87,15,6,15,8,6,12,8,8,9,3,14,6,4,16,4,14,14,6,16,3,86,8,12,14,67,5,8,4,30,5,32,28,21,4,5,247,18,95,4,4,20,6,13,4,5,7,27,32,7,62,36,7,8,4,4,8,12,6,15,25,6,15,4,30,15,9,4,6,9,4,20,6,6,15,11,37,5,4,5,6,6,8,5,186,7,15,26,11,11,9,12,5,12,12,15,8,6,70,5,6,9,8,30,162,12,6,7,12,6,5,118,5,7,5,11,7,5,5,5,9,8,5,7,7,9,4,5,69,4,8,7,4,4,11,4,7,8,5,34,5,5,8,4,7,6,8,8,28,13,4,6,13,7,16,5,5,5,5,5,5,6,12,4,8,5,5,4,5,7,8,11,5,5,6,5,12,6,5,5,5,4,20,10,18,11,6,34,5,18,32,50,23,68,95,95,95,6,61,13,260,5,50,16,21,4,4,107,4,6,8,6,4,10,6,16,4,17,5,10,10,16,5,6,18,8,29,4,3,40,5,28,25,6,15,6,4,5,5,15,19,36,10,71,9,4,4,20,4,4,4,102,4,20,34,5,17,14,5,6,4,30,22,7,18,57,20,6,14,4,28,4,20,8,5,6,4,8,19,4,4,8,11,7,4,15,6,5,8,8,4,12,4,6,6,10,11,45,88,4,5,73,115,119,118,8,4,47,44,6,13,6,4,8,5,5,5,5,20,6,119,35,12,15,12,36,13,54,5,8,5,5,9,9,4,8,6,8,6,9,9,4,10,5,4,7,7,6,8,9,9,16,6,14,8,4,4,14,6,61,4,12,4,6,16,5,5,9,6,5,30,112,4,5,52,4,21,4,5,5,9,7,16,7,14,6,14,6,18,8,150,10,4,4,11,4,9,9,4,17,10,10,6,6,6,8,7,13,7,8,13,85,26,42,5,6,15,4,6,5,4,11,11,5,4,9,4,29,22,21,13,8,10,36,18,71,18,14,4,6,5,32,4,27,5,10,8,5,18,10,9,8,9,7,19,12,4,10,9,9,5,6,12,11,18,6,4,6,6,6,4,6,8,4,246,10,17,5,9,14,5,4,7,11,17,6,5,6,6,36,20,7,7,8,4,5,5,12,6,13,4,15,6,14,5,5,12,11,6,6,4,9,4,6,54,6,22,4,5,5,5,5,5,10,5,5,10,5,10,5,10,5,9,5,5,5,5,10,9,5,5,5,5,5,5,5,5,7,17,7,8,107,6,5,45,6,8,43,4,37,4,41,4,4,103,4,40,4,5,6,4,41,4,6,7,9,5,7,8,44,44,5,39,103,4,98,4,100,41,8,36,96,15,40,77,96,62,4,30,5,77,43,59,6,4,9,65,14,107,43,4,103,4,38,4,43,58,78,4,104,59,105,102,105,103,103,40,103,64,4,36,4,5,9,4,4,4,43,62,4,4,108,67,28,97,107,108,89,32,4,46,5,4,36,21,5,6,6,6,11,8,8,9,6,8,9,6,8,5,29,5,91,4,16,28,24,56,6,4,25,17,6,42,44,25,6,16,4,6,20,20,25,10,7,11,6,37,13,5,31,17,5,6,27,5,7,20,5,81,5,55,50,5,5,22,16,5,8,4,14,14,13,82,5,5,39,6,6,27,4,8,19,5,15,41,5,14,24,25,82,82,37,29,22,17,19,10,5,5,75,17,30,34,7,7,5,5,79,81,5,7,6,69,6,4,7,4,5,4,5,29,6,5,81,13,6,4,17,5,20,28,5,7,11,4,32,5,138,46,32,5,7,5,13,14,7,31,33,25,40,4,4,6,4,81,34,5,11,26,10,7,5,7,16,7,29,5,4,6,5,6,4,10,8,4,5,9,9,9,6,6,6,17,7,12,4,6,5,5,35,4,9,5,67,12,6,7,7,24,5,9,59,40,40,6,6,6,28,6,28,6,28,21,42,15,5,22,11,3,4,5,29,13,28,6,4,14,5,15,8,21,25,4,7,8,29,8,11,6,16,13,7,8,5,5,5,5,6,7,8,6,8,5,4,10,5,4,5,16,8,5,12,30,11,30,30,30,8,233,71,6,18,4,9,4,21,6,6,37,7,35,7,6,5,4,6,9,4,4,7,4,4,10,16,4,8,7,13,8,6,4,16,6,4,35,7,6,5,4,4,7,8,28,4,14,8,4,7,15,27,26,5,17,17,27,4,40,4,12,4,115,5,6,26,4,43,31,7,8,5,15,6,6,7,6,10,7,11,5,8,4,11,7,5,19,16,8,8,5,8,7,6,5,31,5,4,5,4,5,8,4,5,4,6,9,4,5,4,4,5,28,3,4,14,4,14,8,4,6,4,14,5,4,5,6,22,6,14,12,12,6,37,2,6,19,10,3,36,23,4,30,13,5,4,14,30,4,15,6,16,4,12,8,4,14,8,11,12,6,14,7,7,23,9,7,10,10,6,550,4,43,4,160,16,8,4,541,4,5,6,5,4,11,5,4,11,5,6,14,10,4,5,4,8,26,76,32,14,4,4,4,4,10,109,5,11,5,9,16,5,9,16,8,8,7,6,12,4,6,4,6,6,17,4,14,10,6,7,4,5,4,9,15,36,5,7,23,4,18,8,6,6,4,4,4,38,6,4,8,10,4,6,4,31,27,4,416,4,8,5,29,4,21,5,6,4,6,5,5,15,8,6,9,6,7,14,7,6,4,6,9,10,6,14,10,9,4,9,22,13,13,10,10,6,46,6,13,10,10,4,6,7,21,21,5,14,20,18,6,5,6,14,6,6,46,4,6,4,6,6,13,4,5,6,4,5,6,6,5,12,6,11,6,8,5,4,50,50,7,25,6,5,8,7,9,71,4,20,20,18,42,6,6,5,7,28,60,7,4,4,7,7,83,12,4,5,22,11,7,23,4,4,4,14,8,5,4,5,6,5,14,50,19,9,8,95,19,82,4,5,6,4,28,14,17,5,4,5,14,10,16,6,6,19,7,16,5,5,214,14,5,14,16,19,6,6,16,8,4,11,5,32,5,5,14,24,10,4,3,3,6,20,24,6,12,16,10,14,5,6,39,8,39,14,12,8,21,25,6,16,5,21,8,14,5,8,39,7,9,13,6,39,11,9,39,14,8,40,4,5,5,8,6,9,10,15,39,12,37,8,17,9,6,7,28,9,8,4,9,39,5,11,6,6,8,28,8,6,5,5,9,7,22,19,7,6,5,4,4,16,4,15,29,6,3,18,11,20,18,3,3,5,32,24,3,18,5,4,16,39,39,4,39,3,5,14,4,7,4,50,4,6,7,6,4,6,11,14,6,23,29,8,6,28,6,6,10,4,6,11,29,10,29,11,16,9,9,6,6,28,4,11,6,9,6,29,10,29,29,29,2,5,28,35,4,6,5,7,29,6,6,28,5,6,5,29,6,7,6,6,5,29,35,7,28,6,11,6,7,9,34,29,10,6,9,5,30,11,7,12,9,17,5,17,16,19,39,4,3,4,39,4,8,6,91,8,5,15,5,6,22,6,12,4,7,9,5,4,6,25,7,5,4,6,10,5,15,6,4,23,20,11,5,4,14,30,24,15,22,9,5,4,7,6,15,14,5,6,4,7,11,4,4,17,10,7,6,6,4,6,18,6,118,4,4,40,4,5,7,20,7,4,4,13,9,13,6,7,16,8,14,5,9,12,4,4,6,5,19,28,12,4,12,18,12,66,6,6,5,95,25,14,83,4,21,7,7,5,11,7,20,12,6,8,9,21,6,5,5,5,5,5,12,12,6,22,17,26,8,6,8,6,9,8,14,9,15,5,5,18,7,6,27,6,17,26,14,6,951,5,234,163,234,7,6,4,5,6,7,6,10,11,12,17,4,7,7,6,15,6,11,12,4,4,8,11,6,8,11,12,4,4,6,5,4,6,4,30,20,7,5,5,9,17,6,16,3,4,4,11,7,5,4,14,28,12,6,28,5,4,28,17,4,28,13,6,5,6,8,5,5,38,12,18,11,13,5,5,6,4,19,7,4,10,14,18,6,5,50,14,6,22,17,13,13,9,7,6,32,20,5,4,7,5,10,4,5,42,6,10,9,5,459,10,4,6,7,6,4,873,9,10,7,4,4,473,5,4,4,5,12,5,5,4,2849,12,5,5,4,5,6,5,4,71,5,58,6,4,6,23,14,6,15,6,4,8,9,945,7,5,6,4,4,22,5,4,6,5,45,21,6,5,7,18,15,7,16,4,8,16,13,9,15,10,8,25,6,33,28,25,5,9,33,41,20,12,6,7,4,5,9,4,5,4,6,7,4,5,5,4,9,7,6,10,10,5,5,8,7,4,4,4,10,5,5,4,6,6,8,101,8,60,109,4,6,4,15,5,5,4,7,4,59,7,49,5,11,14,21,10,8,7,9,9,5,73,11,5,4,7,5,4,21,18,4,4,8,7,166,7,7,13,4,7,7,10,4,7,7,10,4,5,4,6,6,4,4,6,4,5,4,8,6,15,17,17,17,5,5,4,6,4,19,6,4,4,4,4,5,5,4,13,6,9,35,4,6,15,41,14,4,7,6,7,16,4,6,14,4,6,4,14,5,5,4,13,7,14,7,6,16,6,14,8,14,239,4,19,16,14,14,4,19,16,14,14,4,19,16,14,14,4,19,16,14,14,4,11,7,19,8,5,4,5,6,10,6,5,4,4,6,4429,15,5,6,10,14,4,7,4,4,6,5,37,16,239,4,15,14,16,18,4,15,14,16,10,8,5,12,5,14,6,8,319,7,16,21,6,39,73,5,5,5,8,5,48,6,9,234,4,4,89,14,16,12,13,14,6,10,9,6,5,6,11,6,13,6,13,6,13,6,11,6,8,6,15,29,14,25,7,10,28,20,5,6,29,21,7,26,7,204,4,19,7,26,8,8,5,8,22,9,11,7,15,6,14,18,10,6,13,8,11,13,5,13,14,25,276,12,25,25,14,5,5,42,12,53,4,16,10,11,21,11,4,11,5,18,7,10,5,10,5,6,5,7,7,62,10,5,6,5,45,5,19,18,50,46,57,5,47,47,44,47,51,8,8,16,5,5,4,4,37,32,15,55,57,52,57,5,5,22,37,32,40,57,57,5,565,37,15,5,57,5,15,6,5,74,4,37,7,6,73,286,9,4,6,11,13,10,4,7,7,37,15,5,4,4,41,15,37,46,5,13,7,13,7,9,10,5,12,6,16,4,5,7,4,6,6,4,6,8,15,8,11,7,5,10,68,5,4,16,4,6,6,13,6,8,7,6,19,7,16,9,8,7,4,17,13,4,4,6,22,7,6,6,23,8,4,6,6,25,5,16,72,5,12,4,5,6,6,4,18,4,6,11,6,13,10,4,11,6,5,5,4,5,5,5,5,6,14,14,6,9,5,8,8,9,4,12,5,4,15,6,7,11,12,4,20,9,4,7,13,12,5,5,412,4,15,4,10,28,15,31,6,8,4,7,8,4,10,5,6,11,6,8,5,5,134,6,5,10,6,7,4,10,7,7,10,6,4,4,27,4,4,6,7,4,4,47,5,13,5,12,5,5,4,10,6,10,11,8,11,13,12,12,6,14,19,13,11,145,4,4,17,5,18,21,26,18,19,18,5,6,17,5,26,18,22,42,18,18,19,19,5,18,6,141,18,142,5,13,19,15,15,7,6,5,7,12,6,8,4,4175,13,3,6,15,6,6,5,5,4,5,9,79,5,1405,5,64,5,12,164,64,102,14,4,12,15,35,14,19,41,14,16,34,41,7,21,14,7,21,14,4,4,14,12,14,15,41,16,7,18,18,7,4,4,20,7,5,5,7,6,30,17,4,4,6,7,8,7,5,5,10,4,5,4,192,5,26,4,7,6,7,4,140,143,8,140,19,4,6,19,5,179,4,7,5,11,4,5,5,33,4,4,6,4,65,10,7,12,4,12,4,4,28,28,28,28,5,4,4,20,40,4,6,11,7,20,4,89,4,129,5,4,11,159,49,16,10,5,5,11,8,5,6,14,4,12,4,13,12,4,5,15,6,5,4,8,29,8,22,8,29,4,8,9,8,17,5,14,8,7,21,5,4,8,4,4,4,6,318,5,5,5,0,18,14,4,4,4,54,5,12,7,4,4,5,9,284,5,5,5,19,10,4,19,26,4,19,10,19,5,26,19,10,19,26,19,10,19,26,19,10,19,26,10,26,19,10,19,19,19,5,5,52,5,7,4,5,5,34,5,153,4,11,5,18,154,4,12,4,7,4,5,68,6,15,4,4,743,4,57,4,6,7,5,8,10,19,10,101,11,5,8,5,11,4,5,8,6,5,16,22,13,6,7,5,7,6,10,4,16,13,6,9,4,6,8,4,5,6,9,5,7,4,9,7,67,6,249,89,4,19,14,8,7,4,4,8,5,14,4,4,4,11,4,6,25,4,16,7,12,4,4,13,4,4,42,5,11,4,6,5,5,7,5,24,4,7,11,28,6,6,11,4,4,11,4,1931,13,4,4,5,17,4,4,5,8,28,5,7,4,30,28,4,4,8,4,5,12,18,4,5,4,23,4,11,17,6,4,4,11,6,4,7,136,6,4,25,200,5,6,13,9,17,14,4,10,7,14,34,6,5,4,6,18,5,45,21,6,47,18,11,11,267,10,6,5,14,17,7,6,4,8,4,5,8,4,15,5,18,5,4,16,20,4,4,4,6,6,6,18,6,13,4,5,18,18,5,12,31,5,29,21,10,8,512,4,7,1328,5,113,6,14,5,169,16,114,4,4,47,116,6,4,6,4,5,4,119,6,32,4,4,14,314,4,43,6,17,6,2,5,11,12,14,11,449,128,5,14,4,588,7,9,5,4,114,4,51,285,40,5,43,6,39,12,4,392,18,5,10,16,4,4,122,23,4,4,122,4,4,7,204,7,17,30,9,65,31,31,11,6,7,4,7,12,6,25,4,4,122,23,4,31,9,8,4,5,5,4,6,8,8,11,163,5,9,4,5,42,35,4,5,8,8,4,6,8,7,23,18,6,23,23,3,29,3,6,7,26,6,30,4,7,30,3,243,7,6,474,104,10,79,5,11,15,23,24,20,751,7,5,8,8,69,24,18,149,5,5,6,4,4,62,5,85,85,4,4,6,7,4,7,49,11,5,5,7,5,12,21,238,232,10,10,23,4,5,0,7,48,5,4,4,4,15,8,4,13,7,4,3,32,11,6,4,4,8,9,8,4,6,32,6,11,5,5,248,9,6,4,21,11,5,6,4,6,15,47,16,14,10,4,4,6,16,9,145,10,5,6,6,16,11,11,4,221,14,9,9,16,5,13,6,19,4,6,6,21,6,5,5,5,5,4,5,7,18,7,7,97,250,4,146,172,6,4,231,137,4,5,20,29,7,4,8,5,6,5,4,708,16,4,174,264,76,20,89,62,42,130,16,33,4,107,5,59,4,18,4,112,5,79,108,77,77,9,37,112,79,31,6,81,113,5,190,81,75,104,92,76,108,113,111,78,122,75,17,113,121,78,76,79,113,58,58,58,58,59,82,80,79,100,82,97,113,59,81,58,72,99,98,57,111,82,35,26,100,82,106,99,82,76,98,33,110,9,113,113,9,12,33,4,6,21,49,114,30,6,130,130,76,76,5,10,47,47,71,75,12,81,106,122,106,122,91,79,71,121,75,79,78,81,57,117,79,113,39,58,32,107,121,106,38,73,113,47,100,82,97,114,97,99,65,58,29,38,73,113,48,113,113,107,107,113,107,113,113,36,35,7,705,72,10,212,12,140,89,7,12,4,8,8,19,5,6,7,8,4,14,8,4,5,10,5,8,617,125,51,71,4,6,41,6,6,5,7,5,4,8,4,419,11,141,4,5,14,81,9,154,8,6,6,7,15,5,7,6,4,7,14,9,5,5,61,21,5,98,100,62,67,100,100,99,99,100,98,4,6,5,5,14,4,6,5,5,6,4,6,9,6,4,6,5,4,4,6,4,5,6,5,4,4,6,4,7,9,4,5,7,4,8,5,6,4,5,37,76,12,5,4,8,31,6,9,4,4,5,5,4,6,6,8,4,5,22,6,5,5,63,60,94,8,7,328,5,5,8,5,10,5,6,6,6,6,6,4,7,6,8,13,8,4,5,5,7,4,4,4,4,4,6,6,4,5,4,5,8,7,6,4,5,4,135,117,133,11,28,15,5,5,6,6,6,5,16,9,4,4,4,4,17,7,5,4,8,9,5,7,4,4,4,4,6,5,5,10,4,6,5,6,5,7,9,14,4,7,128,21,4,119,5,17,5,22,13,5,57,66,11,41,62,5,20,15,4,9,10,8,4,4,4,4,5,4,11,7,5,5,4,10,7,6,12,7,12,4,7,8,6,8,23,7,6,5,9,6,5,4,9,5,4,11,7,5,4,8,5,4,9,4,5,11,5,5,14,4,5,10,57,4,5,28,5,26,26,26,5,58,23,15,4,77,17,5,40,40,8,5,78,4,7,115,6,8,123,142,5,14,9,7,6,9,5,11,6,6,14,5,19,19,20,14,22,12,4,4,121,7,16,9,99,12,6,9,5,6,118,5,4,5,86,5,12,8,7,107,4,10,9,5,5,6,6,13,9,5,155,9,6,5,8,4,5,4,4,5,60,24,4,111,7,5,5,4,4,6,4,12,7,16,4,27,5,5,4,14,7,9,14,74,8,4,5,8,4,10,27,5,4,6,6,13,6,17,10,22,4,5,18,16,17,27,63,7,6,75,4,5,4,4,5,25,11,5,5,4,462,14,4,105,6,14,6,4,100,6,6,4,6,15,7,97,5,4,17,17,9,110,117,42,22,8,5,5,12,7,9,5,6,14,5,32,4,5,4,21,8,8,235,19,14,4,7,4,5,22,4,4,5,15,20,4,6,12,10,159,17,13,254,12,6,12,8,4,4,5,119,27,39,10,4,8,6,5,139,6,4,6,205,5,31,4,8,4,5,6,13,7,20,21,5,10,4,5,116,125,10,5,5,6,10,4,17,21,24,17,19,24,23,27,12,15,12,7,24,65,12,4,4,64,77,4,5,4,65,65,6,58,9,4,5,4,7,4,5,45,46,17,113,5,6,4,5,10,6,4,6,6,5,4,9,110,4,4,8,6,7,6,4,4,4,7,9,8,4,10,6,7,42,6,6,7,14,7,36,4,4,4,6,6,12,7,7,13,132,4,4,20,5,4,5,6,290,5,61,51,5,9,9,14,5,5,8,4,9,7,11,6,47,4,7,8,84,5,8,4,8,62,32,6,4,4,4,27,4,20,32,10,7,6,13,6,4,4,4,6,4,6,8,13,4,26,8,23,4,52,50,50,56,59,52,59,62,51,5,4,6,10,4,4,5,4,5,4,4,7,11,5,22,5,14,4,4,27,19,10,51,1439,4,7,36,11,17,118,4,52,18,5,4,5,4,4,12,6,4,4,5,4,4,4,5,5,5,4,14,4,5,5,11,5,4,12,6,4,18,42,4,5,5,4,4,271,5,6,7,5,8,40,40,40,4,4,8,4,24,10,4,13,8,12,4,11,16,12,4,10,7,4,6,16,7,4,10,4,10,9,5,5,11,14,24,18,4,4,14,5,6,270,5,6,5,5,70,4,7,67,4,9,11,11,9,11,5,38,46,6,4,11,4,20,13,17,4,264,10,4,73,4,4,7,25,26,12,8,5,4,47,7,42,17,6,99,7,8,4,12,4,6,58,5,8,17,7,5,138,64,6,30,12,8,12,4,9,5,21,8,32,4,28,28,28,5,7,18,4,4,4,24,12,4,8,6,5,4,5,4,6,58,5,5,7,89,5,5,101,59,101,4,5,5,16,5,15,9,5,43,7,17,9,10,13,12,5,4,4,5,10,9,5,6,5,65,4,14,4,18,35,35,4,5,11,16,10,5,12,10,5,4,5,4,5,5,267,108,103,106,106,57,6,5,16,14,6,23,4,4,9,5,8,48,4,18,74,11,14,21,13,7,6,20,4,5,17,4,21,10,9,21,201,12,4,24,25,4,246,10,16,60,246,7,4,6,5,6,7,19,4,4,9,14,4,10,71,4,7,4,6,7,8,7,11,4,9,7,6,100,4,6,12,11,32,15,12,4,168,11,5,17,5,6,4,18,6,5,4,10,5,6,6,4,7,4,5,4,5,5,6,33,29,4,7,25,4,10,202,5,4,62,11,4,23,6,11,5,93,24,4,9,9,159,4,204,124,214,4,29,40,40,5,28,5,113,6,15,8,9,5,119,33,112,6,10,5,55,9,4,10,10,8,11,19,15,6,5,22,6,6,24,7,6,9,6,5,5,13,9,4,7,5,90,9,6,43,6,81,5,4,5,5,12,10,13,4,5,10,12,5,4,4,15,6,231,4,5,4,4,4,4,4,5,6,4,4,5,6,24,505,3,4,4,4,4,4,5,36,30,4,11,4,151,4,4,34,8,18,10,5,4,4,15,29,23,4,14,6,4,6,31,4,4,19,16,12,6,71,6,7,14,10,9,6,6,13,6,4,6,4,10,29,4,5,5,19,25,5,293,14,4,4,13,4,50,50,5,8,257,5,17,6,5,4,4,8,6,4,4,20,14,6,257,4,5,15,4,11,18,4,69,6,31,34,156,7,62,10,5,5,26,5,4,13,20,15,14,135,12,15,26,193,18,4,5,15,17,4,56,5,5,4,5,5,11,5,10,11,5,22,7,5,7,9,5,4,7,33,7,5,5,5,4,110,5,7,8,8,13,4,17,8,8,4,5,12,4,5,5,4,203,7,10,6,6,6,10,6,6,9,9,5,9,4,5,262,6,160,4,6,12,6,5,5,76,6,61,8,5,21,9,4,4,6,6,11,8,16,5,34,5,4,32,4,420,5,11,13,5,4,19,10,9,4,4,27,7,28,60,4,20,34,6,216,10,8,6,60,20,18,36,30,4,20,8,5,6,22,11,19,8,15,13,12,39,124,14,202,5,158,17,27,670,257,225,8,7,296,13,10,5,14,4,9,4,4,7,11,8,4,12,9,6,7,11,4,10,34,4,13,14,5,16,13,6,5,8,10,65,4,18,14,6,18,15,41,21,5,8,5,8,7,8,5,6,5,4,11,11,4,7,4,13,4,12,6,21,5,15,11,4,6,8,10,12,5,14,5,10,14,5,15,4,9,7,14,9,8,8,32,7,7,8,4,5,5,26,4,14,4,8,18,7,93,17,14,10,10,5,6,6,5,4,6,6,4,6,6,6,4,5,4,10,6,6,4,4,6,6,5,4,4,10,6,14,7,69,5,24,39,4,26,67,103,11,4,7,25,103,4,100,4,75,9,43,4,76,4,103,8,46,4,4,38,4,10,4,4,4,103,104,103,101,112,104,115,103,40,4,77,96,4,36,4,26,30,4,68,73,4,94,108,109,9,46,28,108,37,5,4,4,7,5,5,6,4,9,387,5,53,23,6,66,74,5,31,18,4,21,10,9,4,142,33,10,5,13,105,17,6,5,32,11,5,12,86,7,5,18,13,31,28,6,22,27,4,5,4,8,5,8,9,5,4,256,13,82,28,30,5,5,4,16,17,11,10,5,15,61,5,24,5,28,29,4,27,5,4,16,4,17,13,5,4,81,4,6,107,13,27,4,5,5,7,6,49,27,6,7,24,5,23,6,4,6,29,29,6,26,27,6,7,7,4,25,4,7,11,33,35,6,8,15,7,6,4,5,10,5,7,5,35,16,7,27,17,6,5,19,4,5,4,6,14,4,8,5,100,6,8,20,14,4,4,17,5,5,5,4,4,4,28,28,5,30,28,4,6,6,6,6,28,4,6,37,13,28,28,19,10,6,5,7,5,6,24,8,5,4,8,4,12,4,5,4,8,5,33,7,30,8,10,4,9,10,11,24,12,151,7,4,6,4,15,4,4,6,30,15,4,4,5,6,4,11,6,7,18,7,4,4,26,1086,20,22,199,6,8,207,5,29,5,14,7,12,8,16,14,12,10,12,10,12,4,6,8,5,5,12,4,5,30,4,8,5,78,18,5,14,6,4,5,5,14,8,4,4,3,44,24,4,8,6,8,14,11,6,12,4,184,4,5,5,6,15,4,12,4,7,7,69,35,4,4,28,8,16,5,8,14,8,4,8,8,5,6,7,4,8,6,5,7,5,11,7,7,5,7,4,8,4,6,4,8,42,5,4,234,16,5,6,22,21,7,10,126,30,5,160,5,5,63,11,34,11,11,6,5,8,5,13,4,12,4,5,6,4,37,9,13,4,4,7,59,4,20,42,12,8,6,24,7,12,7,20,4,4,4,5,5,80,7,39,4,4,50,20,27,9,46,346,8,4,5,23,20,4,62,6,6,5,31,7,36,4,4,4,4,8,58,5,9,4,16,3,30,4,4,6,5,10,8,4,4,11,6,4,59,5,57,4,7,5,5,14,4,5,4,38,4,8,5,28,5,4,5,8,6,28,4,5,6,14,8,20,4,138,7,21,65,4,3,6,14,4,39,4,3,15,8,7,8,5,8,7,28,4,6,5,29,6,29,4,28,10,6,6,12,4,6,29,7,29,4,29,6,6,9,5,9,28,6,8,6,4,5,29,11,6,40,4,61,6,4,399,4,39,6,5,994,12,133,6,5,9,8,5,5,6,5,35,6,4,4,7,7,5,5,8,4,11,4,4,5,14,16,21,30,633,13,5,8,7,11,5,8,126,8,4,12,18,7,135,5,5,24,9,21,8,95,6,7,4,8,21,5,5,38,4,4,12,15,40,4,17,9,8,4,4,9,85,13,5,23,25,23,5,23,8,7,9,21,57,5,19,21,166,153,163,74,7,11,4,11,16,14,4,9,22,4,5,4,4,6,16,4,5,4,4,8,12,20,7,12,7,4,6,28,31,5,28,6,6,8,76,9,239,25,4,7,13,53,8,6,5,13,35,10,7,5,13,5,12,7,481,12,5,4,12,6,4,32,5,5,5,5,6,6,5,6,5,15,9,19,15,33,11,4,74,5,13,214,9,18,4,9,11,8,222,14,4,10,68,4,5,125,7,11,12,6,11,4,7,5,4,14,4,14,4,19,16,14,14,4,19,16,14,14,4,19,16,14,14,4,19,16,14,14,4,19,16,14,14,4,19,16,14,14,4,11,16,4,15,14,4,11,18,4,15,14,16,18,4,15,14,16,15,7,5,6,7,8,210,9,5,9,5,6,6,5,58,4,5,6,5,6,12,8,8,16,8,8,11,6,5,204,6,5,5,13,276,6,9,8,11,6,5,6,6,24,32,4,6,4,1455,7,18,160,52,5,278,5,15,3,6,4,5,55,57,5,20,4,24,469,5,6,5,74,4,7,6,73,4,231,4,6,13,8,158,6,207,4,5,5,14,9,6,4,8,6,4,5,9,5,5,11,9,18,11,304,4,202,6,4,8,4,6,8,25,23,5,14,4,11,5,23,7,37,6,16,6,4,5,12,5,27,4,5,9,4,10,17,4,4,10,7,4,4,4,10,4,13,4,5,7,4,6,4,4,5,5,6,4,59,6,4,8,13,5,21,17,394,8,21,5,8,4,17,6,4,8,9,5,4,4,169,4,4,4,7,14,12,5,23,12,5,42,5,5,5,5,4,894,4,225,6,4,317,29,18,4,15,36,10,5,146,141,141,18,21,15,7,7,188,4,4,4112,3,6,5,6,14,5,4,4,5,15,14,10,4,5,15,20,7,18,7,4,4,4,3700,20,28,7,6,17,6,7,5,5,9,9,178,58,44,7,6,7,9,478,19,8,183,133,30,115,4,7,4,28,28,18,28,140,11,10,9,4,64,6,8,11,5,10,8,5,5,10,53,4,12,13,4,6,29,4,8,17,13,4,5,5,25,4,14,133,7,5,5,0,4,5,55,98,63,4,18,140,5,11,5,19,19,10,19,5,10,10,10,26,10,10,19,10,19,26,19,10,19,26,26,102,14,10,10,5,5,84,68,5,8,4,0,8,6,5,11,23,5,46,5,5,4,4,160,4,4,230,21,4,141,6,6,24,5,5,20,8,4,5,13,4,6,4,14,6,13,26,5,8,67,6,155,155,89,4,7,18,4,8,5,9,4,16,4,11,85,127,13,4,4,5,5,10,10,7,28,6,61,8,4,11,4,187,1865,22,5,12,15,22,4,4,6,7,9,4,4,4,5,12,6,5,5,4,4,11,161,6,4,5,61,5,5,13,4,5,9,5,13,5,7,8,4,88,5,15,4,4,6,7,4,6,4,4,5,6,4,6,5,12,4,5,5,14,4,5,7,5,5,16,4,46,6,6,7,9,4,49,7,9,43,5,4,34,11,17,4,4,39,27,210,6,13,6,17,14,10,14,35,5,6,11,11,10,11,19,10,6,16,8,0,7,7,4,5,27,5,18,5,5,4,12,10,6,5,4,6,7,31,16,29,4,26,31,6,10,8,9,6,8,34,12,85,17,5,12,5,145,21,23,111,4,4,4,6,8,4,117,30,6,32,4,20,14,4,286,155,6,11,6,2,5,7,11,383,8,148,8,6,115,335,40,5,13,3,39,28,99,10,9,25,4,122,201,25,17,161,59,29,67,45,11,6,9,6,4,6,25,9,8,6,11,16,61,4,78,4,18,9,6,23,18,11,4,28,6,3,29,3,6,7,7,30,14,243,7,76,16,253,9,15,25,41,24,20,6,8,16,87,52,18,5,6,7,4,62,5,123,4,8,4,49,12,17,5,22,5,10,81,4,4,8,230,1190,4,5,0,7,48,5,0,4,4,15,3,32,4,5,4,7,9,8,4,5,4,14,5,20,11,4,16,10,48,16,4,6,16,12,9,192,10,16,11,35,9,5,7,9,4,121,6,10,6,5,5,5,4,5,7,18,7,7,182,4,363,4,13,4,7,4,18,156,719,74,4,117,4,8,10,107,0,75,4,4,60,5,77,38,5,115,112,76,76,109,116,123,44,8,121,113,59,121,57,121,98,82,34,82,59,34,81,75,9,35,22,110,111,98,57,110,113,9,12,4,171,6,4,116,4,4,17,130,130,75,58,74,5,5,74,76,15,50,81,121,58,4,129,6,12,118,59,39,129,59,39,9,4,57,47,43,113,107,9,113,113,36,113,104,7,6,5,9,4,130,134,8,4,7,4,2,16,4,4,4,540,5,4,138,59,4,14,4,6,12,7,4,4,61,142,4,13,5,7,4,7,7,6,5,9,21,16,97,4,5,98,100,101,100,99,99,100,99,11,4,10,16,9,238,69,9,206,4,22,6,94,95,5,94,8,4,6,9,9,4,8,9,8,14,6,10,7,7,10,5,5,4,6,6,17,63,7,8,5,15,14,5,4,118,5,6,131,4,4,4,6,5,5,5,7,4,19,7,10,5,6,6,8,0,486,130,121,40,5,5,55,67,84,136,5,5,9,10,5,4,6,4,4,9,7,6,12,4,10,4,4,11,7,7,6,4,5,4,5,5,4,4,6,5,4,11,6,5,4,6,7,4,5,8,5,5,14,5,5,4,211,5,6,4,5,32,24,32,7,4,78,4,7,27,28,8,20,13,5,5,4,10,5,18,4,4,4,132,7,5,16,7,4,5,8,4,17,5,11,5,6,8,9,13,5,4,4,5,5,109,5,6,22,7,6,4,54,5,10,6,5,6,8,59,5,85,7,8,5,4,6,13,46,4,10,4,5,5,21,5,6,5,15,5,4,4,8,5,17,9,28,5,4,6,22,9,6,4,21,5,22,22,5,1939,16,44,44,11,4,5,6,117,119,4,104,4,101,19,4,9,4,9,12,7,234,119,134,23,30,4,5,91,7,26,4,7,5,5,4,7,4,0,14,135,135,4,6,8,4,5,4,41,5,6,5,4,4,4,6,734,117,11,39,11,10,5,4,10,116,6,10,4,42,6,58,4,13,13,11,4,5,4,625,41,5,5,10,4,19,9,10,4,33,19,25,11,8,4,12,6,9,12,5,11,10,26,79,4,4,4,4,6,58,13,4,5,48,10,5,115,5,9,4,6,4,5,4,7,6,4,13,4,6,6,4,10,6,4,4,0,7,4,21,11,14,7,4,4,11,4,5,19,4,263,5,28,105,9,11,9,9,4,5,11,4,8,187,5,8,4,30,20,11,6,13,5,4,4,4,15,91,6,50,4,50,50,62,50,52,51,5,209,4,4,58,5,4,4,6,5,11,22,63,4,4,27,19,10,52,678,6,120,4,6,40,5,6,4,4,5,4,4,5,5,14,7,5,4,5,18,5,12,5,4,11,4,7,4,6,10,4,10,4,16,10,10,16,6,14,9,4,9,4,5,5,4,5,4,5,7,8,12,5,4,4,7,11,9,11,5,10,20,189,18,17,15,10,64,4,13,8,7,4,34,51,8,4,12,6,17,10,5,12,8,12,4,356,44,5,28,28,7,4,8,6,6,215,15,5,23,5,5,77,4,4,5,4,8,13,6,5,9,12,8,8,10,8,5,9,10,12,5,4,5,11,7,5,14,8,4,4,17,26,6,6,11,5,4,96,5,6,6,16,7,4,10,14,7,4,13,5,4,9,5,5,267,121,109,101,57,57,4,14,24,5,53,4,24,4,15,9,9,4,5,5,7,13,7,6,20,4,21,61,200,4,25,32,4,246,16,86,246,5,5,7,18,8,7,9,66,4,6,12,51,15,10,6,4,9,7,109,4,10,12,158,12,124,5,4,10,5,6,6,5,4,4,4,5,5,6,33,4,7,28,115,13,22,5,76,27,316,69,24,4,9,9,127,225,87,11,19,5,200,6,49,9,128,120,112,10,90,4,6,11,15,7,7,6,6,17,172,564,23,5,5,4,4,5,6,4,130,6,11,4,7,7,6,4,6,8,7,5,14,11,5,36,36,6,316,5,5,10,4,4,4,4,4,5,69,6,505,3,4,5,36,12,4,40,33,18,4,4,15,29,4,12,5,34,34,31,4,6,4,16,6,71,32,9,25,246,6,4,5,4,22,10,29,4,5,13,8,42,25,5,4,4,4,50,52,60,50,16,58,52,49,50,5,5,5,6,5,74,4,4,39,6,256,18,4,5,36,34,86,34,6,34,34,197,7,5,62,10,48,106,5,4,15,8,151,12,15,26,12,59,5,5,24,4,7,10,11,5,5,11,10,5,8,5,7,4,5,10,4,5,5,5,4,8,5,9,9,7,15,4,231,4,7,10,6,6,6,10,10,6,9,9,5,5,4,12,5,5,5,6,22,6,4,250,16,8,18,7,32,5,11,5,26,10,9,4,28,27,6,174,4,10,8,20,41,20,7,6,8,13,12,39,109,5,77,158,282,14,253,13,5,4,9,4,4,11,4,10,4,15,4,4,13,6,5,38,6,5,16,13,6,5,4,21,18,14,18,5,8,18,9,5,8,9,10,8,10,4,4,4,6,6,19,6,6,12,6,11,12,14,12,12,5,9,16,5,10,12,8,9,7,8,13,11,4,15,11,6,4,7,7,7,7,8,26,16,4,18,17,72,16,5,4,6,6,4,6,6,4,6,6,4,4,6,5,6,4,4,6,6,4,4,6,14,4,40,81,22,4,45,15,33,40,61,9,30,4,76,4,76,34,103,8,4,9,104,40,103,4,5,7,14,107,4,9,40,4,77,4,4,103,4,104,103,103,103,65,4,77,98,4,4,40,94,108,4,7,97,28,5,94,97,34,37,5,4,58,333,9,394,5,59,13,30,36,36,25,5,31,29,24,29,35,19,21,29,9,215,15,13,24,110,7,4,141,8,105,31,82,5,30,7,13,5,150,22,4,16,13,5,11,28,11,4,27,5,4,17,10,5,6,13,10,5,4,6,7,5,4,4,5,7,10,7,40,6,4,41,17,7,5,19,4,5,6,7,50,10,6,5,5,19,4,17,6,29,31,29,6,4,5,4,7,4,6,14,35,5,19,11,10,5,7,24,5,5,26,7,25,5,4,6,4,10,4,4,89,85,12,14,4,5,4,5,12,4,30,5,4,31,6,28,8,14,15,4,32,13,44,6,7,5,6,32,5,15,5,6,6,6,6,30,8,10,11,40,9,5,4,8,4,6,8,4,6,4,26,11,4,4,9,6,6,6,4,14,6,7,4,6,157,22,127,5,208,5,8,7,11,8,15,11,24,20,14,35,6,6,5,138,20,8,5,17,8,7,11,13,4,5,5,5,3,6,5,4,4,4,4,14,39,51,220,5,6,15,4,4,213,7,69,35,4,7,12,8,15,5,11,4,35,9,4,4,22,4,4,26,11,35,8,9,6,17,11,7,8,5,6,24,39,4,5,7,4,229,18,10,22,7,10,33,124,29,32,36,61,5,5,8,5,13,16,4,549,52,56,51,47,4,8,59,4,18,22,24,7,12,57,4,6,4,50,8,285,79,20,4,117,6,5,73,25,200,4,5,5,32,3,30,16,16,18,4,4,5,4,4,5,4,4,5,5,14,4,5,4,5,4,38,5,10,151,7,8,65,3,3,4,39,4,3,15,8,11,5,5,8,8,9,7,9,8,10,6,3,12,57,29,35,35,5,9,29,11,40,28,125,4,29,802,4,4,6,209,44,6,9,7,8,195,5,122,5,30,5,13,5,16,35,5,17,222,11,98,140,12,4,28,127,8,4,4,4,15,38,15,4,9,199,13,16,10,9,5,23,8,7,11,21,14,37,6,1176,5,236,236,7,16,4,11,4,6,4,4,4,4,4,4,4,8,7,12,6,8,6,76,4,20,33,123,20,32,4,22,11,5,13,453,12,7,12,5,12,5,4,4,5,7,6,6,5,5,5,5,18,19,15,1401,11,76,28,18,4,4,15,218,17,64,150,5,4,135,11,12,7,19,4,4,14,4,14,4,5,4,19,16,14,14,4,4,19,16,14,14,4,19,16,14,14,4,19,16,14,14,4,19,16,14,14,4,19,16,14,14,4,11,16,4,15,14,4,11,184,4,15,14,16,18,4,15,14,16,15,7,9,9,189,9,9,5,6,6,6,6,6,13,8,8,11,31,8,4,8,199,16,31,21,276,6,6,276,6,6,11,6,76,4,6,4,6,5,23,742,72,464,5,15,3,5,16,4,6,259,5,6,73,4,217,6,20,201,13,6,199,13,9,9,5,20,22,22,4,25,7,408,6,12,11,5,57,41,4,6,30,6,4,14,4,0,8,6,22,5,6,5,27,10,8,5,4,17,4,7,11,4,6,4,6,14,4,4,15,4,115,8,9,11,4,6,6,4,4,4,7,26,12,5,5,4,915,10,222,6,334,121,16,15,7,5,143,143,13,13,18,15,203,10,4,5,3,6,6,5,4,4,13,14,14,7,7,18,8,5,4,3124,20,28,10,17,8,11,192,11,7,9,4,9,19,3,165,114,4,7,4,28,28,28,28,172,4,118,4,8,8,11,41,10,5,5,12,13,29,21,8,7,19,24,148,5,5,0,7,67,7,63,284,12,19,5,26,19,10,10,10,26,10,26,10,19,26,19,26,19,10,10,19,15,5,5,5,4,5,7,4,5,11,23,210,6,6,4,281,4,138,8,167,7,4,9,6,12,5,67,5,5,129,139,117,4,8,4,4,13,6,10,6,10,6,6,63,6,4,1633,31,4,6,5,28,18,4,4,4,4,5,10,4,4,4,4,363,5,6,4,5,5,8,4,8,6,6,6,5,20,5,15,7,16,8,5,9,4,4,5,5,8,10,4,7,4,8,8,5,8,5,7,4,19,55,4,57,4,4,5,7,8,4,9,4,6,4,10,5,43,2678,13,44,32,34,11,9,17,4,4,123,13,14,10,11,11,263,8,30,7,7,20,5,32,5,18,17,4,10,6,5,16,4,6,10,8,85,4,17,12,11,4,4,10,6,14,7,14,292,182,26,5,7,11,366,4,8,60,8,126,4,826,40,5,7,3,39,124,5,26,7,4,4,729,70,31,4,4,9,4,16,175,225,14,5,6,5,8,28,3,6,14,3,30,243,33,10,917,18,59,24,25,58,52,18,5,6,7,4,12,49,7,4,22,5,81,4,8,233,68,5,0,7,48,4,4,4,15,3,11,6,4,4,5,10,52,14,16,29,10,9,652,10,16,26,5,9,4,133,4,12,96,5,5,7,7,7,283,8,7,4,18,222,76,20,61,13,0,7,60,107,98,4,60,11,126,81,80,5,123,108,117,113,4,112,31,121,78,78,5,59,78,56,76,113,81,78,98,108,60,34,75,98,80,78,82,35,34,79,82,4,34,113,5,148,5,18,11,4,8,130,78,5,130,4,130,5,4,9,19,68,5,74,59,33,126,80,106,6,122,58,78,117,51,34,115,106,6,113,7,113,107,113,113,104,7,159,4,189,8,4,9,9,88,4,105,107,4,5,5,6,5,4,6,1232,1094,13,5,20,24,161,5,29,87,100,85,100,100,100,99,100,98,11,10,16,361,4,23,18,36,24,10,25,63,5,75,80,14,4,13,8,5,4,5,10,6,13,8,17,4,5,5,33,5,7,18,4,119,6,135,4,32,11,5,11,14,13,4,8,5,19,5,10,8,4,292,325,5,68,5,18,5,5,135,84,5,84,81,4,5,6,17,4,4,7,6,4,6,7,7,4,14,6,5,5,4,5,5,5,5,8,10,5,5,7,4,149,27,9,105,5,5,4,5,6,54,54,31,63,22,11,4,4,7,5,145,4,9,8,33,5,4,4,5,17,9,118,15,5,9,7,11,214,4,9,13,43,106,5,6,5,5,8,4,4,52,7,4,5,4,1390,60,20,4,6,5,20,4,5,18,5,4,7,24,13,11,9,4,21,4,8,11,119,231,178,5,6,15,5,175,5,29,116,12,4,105,18,87,11,8,89,13,4,18,7,5,409,5,8,4,8,15,9,12,4,8,4,24,8,5,4,10,5,33,6,362,149,5,4,25,13,13,5,4,62,65,9,6,4,34,12,6,7,4,156,5,131,18,461,9,24,21,12,15,24,63,58,58,64,5,4,13,49,5,4,5,114,9,8,10,4,4,7,10,6,7,13,137,10,8,9,9,45,4,309,248,65,9,4,189,4,69,10,13,10,4,4,12,8,5,4,6,6,12,37,6,4,50,50,51,57,5,60,57,5,42,4,9,19,4,5,12,4,5,23,22,4,20,19,10,440,4,18,5,4,5,68,117,6,6,11,85,8,4,5,5,15,16,4,13,5,7,249,5,4,20,19,20,4,6,17,4,34,51,4,12,17,12,12,4,30,5,31,7,8,16,4,123,5,102,4,4,8,4,7,10,10,4,15,4,11,12,14,4,12,115,109,101,102,99,238,5,9,9,7,295,22,198,25,246,246,4,7,105,9,16,4,98,4,56,8,4,4,4,90,4,157,12,211,5,4,10,5,10,10,4,4,5,5,33,217,5,4,200,82,14,13,6,5,6,4,9,9,234,10,198,26,5,57,6,11,5,128,164,112,138,6,5,6,18,4,5,7,8,90,5,4,10,24,4,36,9,7,5,6,5,7,6,6,9,630,5,151,6,445,6,4,4,4,16,40,6,505,3,40,10,36,20,40,33,24,4,15,29,4,4,6,16,6,4,45,71,246,4,6,6,4,22,10,29,4,6,6,4,17,8,19,25,5,4,4,17,4,50,51,50,50,51,37,5,61,5,48,52,4,5,17,6,4,5,4,4,39,6,204,257,4,36,34,199,7,62,10,48,101,5,4,18,4,15,26,137,13,11,5,24,5,8,11,14,10,5,4,7,5,4,7,12,19,7,11,7,7,7,7,5,4,13,8,8,8,5,17,10,23,15,4,189,10,6,6,10,9,9,9,5,12,159,5,6,6,4,16,8,484,11,33,32,4,6,174,10,8,4,4,8,13,12,11,39,109,14,94,159,282,14,294,13,5,58,5,4,10,4,7,15,7,4,4,38,130,14,5,5,11,4,21,14,6,14,8,5,8,5,12,7,97,6,4,10,7,4,10,6,5,6,11,4,10,5,5,5,11,18,6,5,13,4,9,7,14,4,4,8,4,7,11,4,16,4,18,17,69,16,5,4,4,6,6,4,6,10,4,6,5,4,4,6,6,4,6,6,14,4,6,103,101,46,9,103,110,4,4,114,4,103,114,104,104,4,40,7,20,87,57,34,4,108,108,111,107,4,5,28,5,20,20,5,4,5,12,4,55,39,49,861,9,271,5,348,43,36,36,36,5,31,29,33,35,22,9,300,23,18,31,18,82,5,22,5,4,6,5,46,7,4,4,5,8,6,82,5,29,11,107,17,4,5,7,6,6,13,102,5,46,21,36,4,43,5,5,63,7,10,4,5,4,5,4,4,41,17,7,6,150,6,7,14,5,6,5,5,8,4,6,6,7,25,13,5,24,4,16,5,5,31,6,30,27,5,7,31,26,23,4,4,5,9,4,6,14,4,5,9,4,30,31,6,14,8,5,6,4,14,19,6,7,5,6,8,5,36,6,6,31,7,6,7,6,26,11,4,32,4,5,7,5,6,7,4,6,157,22,83,6,223,5,8,7,8,20,4,10,5,20,84,8,5,78,14,8,17,4,5,5,3,32,4,4,14,39,51,580,5,6,4,4,7,69,9,8,5,7,16,9,14,6,7,6,5,4,21,6,10,4,6,9,7,4,6,247,35,5,5,4,20,8,6,39,4,18,4,4,228,18,10,22,7,10,103,124,183,18,83,4,982,13,16,4,501,227,37,57,4,48,48,12,59,4,37,18,22,24,7,12,7,4,50,6,334,6,8,61,5,5,141,82,200,5,5,32,3,30,30,5,4,4,5,4,5,5,14,4,5,40,8,6,154,21,3,3,39,4,8,11,5,6,9,6,9,8,9,6,8,6,6,3,12,199,35,35,8,29,11,61,386,4,39,44,6,19,14,10,5,122,5,29,5,16,30,17,150,11,90,83,8,4,4,15,15,28,4,249,25,23,320,72,7,11,21,5,150,166,166,229,534,7,135,4,11,4,4,8,53,6,76,16,5,321,20,93,5,9,13,285,12,12,5,6,5,5,19,15,166,11,91,333,18,4,15,14,180,5,4,209,11,12,7,19,4,14,4,13,4,19,16,14,14,4,19,16,14,14,4,19,16,14,14,4,19,16,14,14,4,19,16,14,14,4,19,16,14,14,4,11,18,4,15,14,4,18,4,15,14,16,16,4,15,14,16,15,5,9,228,9,9,6,6,39,25,8,650,16,5,25,6,6,6,6,6,88,6,5,21,181,72,244,5,15,3,4,50,5,6,12,4,6,5,6,25,4,222,4,9,200,9,6,9,6,6,58,6,51,
11,15,7,6,10,8,8,7,7,6,6,6,9,11,5,12,8,13,8,7,7,13,5,14,7,6,95,14,95,15,5,5,14,7,8,6,40,85,6,6,40,42,8,59,8,19,9,5,13,6,95,13,95,32,42,13,42,16,36,8,87,6,8,19,18,13,8,3616,5,8,6,59,53,9,6,58,43,69,56,11,7,49,44,55,9,12,10,8,8,8,8,9,6,5,8,30,8,7,9,9,8,6,6,13,12,6,15,5,13,13,25,5,8,19,25,36,38,16,14,6,6,6,24,12,52,21,6,24,12,52,21,6,24,12,5,23,8,5,141,497,13,5,7,21,6,5,15,12,6,18,12,6,6,12,5,10,5,7,17,14,16,13,10,6,8,13,12,5,8,5,8,5,8,5,8,5,34,5,34,5,34,5,34,5,34,29,29,29,29,29,29,29,29,29,29,29,8,6,5,8,5,13,5,7,6,8,9,15,6,7,9,8,6,48,8,15,14,11,11,7,8,11,7,5,6,8,17,12,11,8,8,11,15,20,7,7,7,5,6,31,5,7,14,9,183,4,5,6,8,7,7,5,20,42,40,5,4,5,40,40,5,5,5,5,5,40,40,4,40,4,40,11,11,12,11,12,7,13,5,11,11,7,11,5,14,13,14,10,6,14,6,6,12,6,15,6,15,6,15,21,15,5,5,8,13,5,10,6,18,63,8,21,14,9,17,13,5,26,27,5,17,14,6,15,5,8,6,34,7,8,8,5,5,12,23,12,9,9,6,8,15,8,5,5,6,72,72,8,16,19,14,81,6,20,10,5,20,11,20,27,20,11,5,20,27,20,11,5,20,11,5,20,11,20,27,5,20,5,20,20,6,27,6,12,7,13,5,40,11,14,8,9,12,7,19,5,5,18,18,15,7,12,13,15,11,11,12,8,11,10,17,13,12,5,16,7,14,22,18,11,15,20,5,16,9,5,7,6,37,6,12,9,9,10,28,9,9,5,6,11,8,6,5,14,6,7,28,6,9,33,16,6,7,7,16,6,7,11,6,30,6,16,6,7,8,7,11,20,17,6,9,5,9,8,6,6,6,8,36,16,9,15,7,7,10,7,21,12,10,5,9,8,6,20,8,9,5,10,16,7,12,8,15,7,18,6,6,34,10,7,12,6,21,12,8,6,17,8,10,12,7,14,16,5,11,5,15,16,5,5,6,5,5,9,6,5,28,5,5,12,37,27,5,5,5,15,6,26,6,8,5,5,12,10,5,9,11,17,6,6,11,9,5,6,25,5,14,6,6,8,12,8,5,21,9,5,20,6,10,5,8,6,6,21,7,14,5,118,5,9,5,5,11,5,12,5,9,5,7,5,11,5,68,14,5,5,8,6,18,5,5,358,9,8,34,6,12,5,25,5,8,5,22,29,5,5,5,5,11,5,5,7,5,8,5,9,15,14,15,7,8,7,10,8,6,38,15,16,12,15,6,5,12,8,6,6,30,20,23,4,11,5,9,3,15,20,40,33,18,17,40,40,5,20,29,7,19,17,5,5,5,7,7,5,7,6,8,59,5,14,7,5,8,7,7,11,15,16,11,8,5,5,12,9,9,8,17,10,9,9,7,24,19,5,14,36,20,56,6,5,32,6,35,5,24,52,5,6,33,52,22,7,10,10,10,7,14,6,7,13,9,7,16,15,21,11,13,8,5,13,5,18,9,6,5,19,11,8,5,5,5,9,5,17,6,30,19,5,5,13,6,46,6,14,17,7,6,5,32,6,14,30,9,20,6,5,14,6,9,16,6,6,5,17,19,7,30,5,6,5,6,6,19,19,6,5,30,6,14,7,14,14,20,5,14,14,5,14,8,13,5,19,21,8,5,13,8,28,7,55,10,7,7,9,9,8,7,11,11,7,5,7,56,8,102,7,13,14,7,5,6,6,5,5,6,12,17,7,5,11,18,6,7,17,21,43,29,4,5,29,5,17,6,173,5,14,15,7,13,7,11,11,7,11,11,8,7,5,8,26,6,12,90,116,110,110,7,86,10,8,15,13,21,5,8,7,5,8,8,6,7,12,21,15,5,7,5,14,7,15,8,6,50,5,16,5,5,14,6,6,8,6,7,7,8,6,7,7,19,12,5,53,5,12,14,7,9,5,21,14,8,9,14,5,5,5,6,10,50,7,24,16,9,16,5,7,22,6,8,31,5,13,7,7,202,32,6,13,34,9,6,7,40,42,6,13,8,11,25,4,50,5,7,86,7,104,5,6,5,90,101,5,6,5,25,5,21,6,7,8,9,21,23,5,8,33,23,16,7,29,6,29,26,9,7,5,7,6,8,15,8,22,33,11,5,7,5,104,5,5,6,5,158,30,7,30,10,5,20,41,41,5,5,13,7,7,15,12,7,12,7,8,17,8,10,7,8,10,8,5,6,6,17,9,5,9,6,12,7,5,19,7,15,41,41,4,7,7,6,13,7,7,32,20,7,18,7,8,4,7,8,3,5,15,4,42,11,8,7,16,9,7,7,11,11,6,24,10,9,13,5,5,10,8,7,12,14,24,5,8,9,8,8,7,45,8,5,21,8,8,8,16,26,43,9,27,4,7,13,6,9,7,6,30,5,13,10,14,5,14,5,7,6,6,6,10,13,6,13,6,93,88,137,88,14,7,14,8,5,41,9,16,50,32,8,7,5,5,6,10,17,6,6,5,6,6,19,9,6,5,0,17,9,6,5,23,24,5,6,5,21,7,5,6,5,11,68,5,8,22,25,5,44,6,5,11,7,7,36,23,5,10,25,5,22,6,6,9,8,7,5,5,52,9,49,7,5,5,7,5,5,12,6,6,5,17,9,6,54,26,9,7,18,6,7,19,4,45,10,7,5,5,5,5,9,6,6,11,6,10,16,5,7,5,10,15,8,6,16,7,491,6,5,8,31,10,23,5,5,11,17,24,7,6,6,30,5,5,9,5,10,7,23,12,21,10,4,134,21,7,16,5,28,5,6,10,6,6,6,6,6,6,6,7,6,5,8,29,5,13,14,14,16,34,237,11,13,7,11,11,11,9,5,22,6,16,14,7,6,7,6,6,22,7,25,6,5,7,7,6,6,7,2,6,6,5,9,7,6,5,6,7,11,7,20,5,6,38,9,8,7,7,8,6,10,10,8,5,21,9,4,110,7,7,7,7,68,14,7,5,53,7,5,76,113,109,78,113,109,9,15,5,83,32,113,85,5,40,113,82,112,17,81,82,114,84,80,80,10,105,124,107,82,78,114,15,5,114,32,78,77,114,118,6,60,81,79,99,98,83,118,108,77,103,100,100,107,75,82,99,118,100,78,112,83,83,34,78,101,83,83,35,100,83,78,78,83,114,10,111,57,111,10,59,114,114,23,10,6,16,8,6,40,92,55,115,6,30,10,7,112,80,107,75,59,78,113,59,76,10,83,107,77,52,83,85,106,114,103,113,92,80,52,130,81,130,107,130,92,9,116,130,114,93,7,65,83,83,74,101,122,101,83,100,125,100,105,99,98,114,51,40,114,53,39,111,74,67,83,53,108,52,53,108,108,53,114,114,114,114,37,114,114,8,22,5,10,8,10,9,12,7,9,9,12,9,31,6,9,10,13,18,9,6,6,14,7,8,6,5,6,11,23,27,17,6,6,21,50,21,139,11,14,10,10,5,7,9,5,9,6,10,9,6,6,13,11,13,6,8,5,8,15,6,8,7,5,7,9,6,11,6,48,22,11,22,14,6,6,6,90,102,101,101,107,101,100,101,101,100,101,5,11,7,8,9,8,11,9,9,8,10,10,12,8,10,8,7,9,7,9,18,10,9,9,5,8,16,6,9,7,20,21,20,11,7,7,6,76,98,97,96,95,61,64,98,7,7,14,6,8,7,8,17,14,15,9,11,7,7,7,11,14,7,9,8,7,6,7,7,14,8,8,6,7,6,5,5,6,13,8,8,15,11,18,8,6,7,9,7,12,5,6,7,6,6,8,5,8,9,5,21,24,25,13,13,12,85,40,12,85,5,7,6,7,62,7,7,5,6,9,7,11,9,5,13,7,12,6,5,5,13,6,7,12,6,5,6,11,7,28,28,25,27,84,149,34,26,6,36,17,36,11,6,7,7,5,7,6,8,20,8,10,8,12,9,6,8,10,9,21,6,6,13,7,6,14,15,5,8,9,9,14,6,10,6,10,9,5,6,12,14,8,11,6,6,6,7,23,12,11,5,11,11,12,6,26,5,9,6,14,5,10,10,14,9,7,10,9,7,5,9,9,6,9,8,8,5,5,12,8,17,7,7,10,16,7,60,16,28,88,8,7,43,6,7,6,7,16,6,12,10,16,12,6,10,7,14,5,5,7,6,7,21,14,8,22,6,11,7,12,7,7,10,5,9,11,5,5,14,17,11,13,22,5,5,12,5,5,16,5,9,12,8,8,12,12,15,16,6,12,8,16,5,13,6,7,7,10,4,20,14,7,5,9,7,7,14,10,7,12,5,10,5,5,8,7,18,16,22,44,27,9,6,38,64,15,62,65,77,65,62,6,59,5,66,5,8,7,7,13,23,53,72,46,73,11,6,5,8,9,22,10,9,9,7,15,12,9,10,8,6,7,9,8,11,12,9,6,7,10,7,36,13,19,16,8,7,6,18,5,6,5,6,11,43,6,6,13,8,17,24,17,20,8,5,15,6,5,8,14,6,12,119,4,24,6,6,5,9,14,10,11,4,10,8,6,12,17,17,6,9,19,13,8,7,8,8,20,5,7,13,16,7,9,5,9,8,214,23,8,5,6,6,32,5,7,7,15,18,16,5,174,23,6,14,14,9,5,5,27,6,10,6,5,49,12,6,9,8,9,5,8,8,9,5,5,9,15,5,5,6,10,21,6,8,12,5,6,7,52,54,5,8,60,51,51,60,50,60,61,54,52,6,14,9,8,10,17,11,17,72,7,9,15,54,9,5,9,8,9,4,5,15,5,17,15,4,40,5,8,27,23,7,6,8,15,6,12,15,9,5,37,5,15,21,7,8,82,7,15,5,7,32,18,16,5,88,6,20,6,13,6,5,9,10,15,7,9,248,6,11,23,11,10,10,24,6,5,23,12,5,36,5,36,10,11,8,5,11,5,10,6,7,6,6,7,6,5,11,10,6,11,12,8,8,11,8,5,7,9,3,37,7,6,5,11,8,5,12,5,10,8,7,5,7,10,7,48,42,11,5,9,10,5,13,18,7,14,31,7,5,6,7,10,80,5,8,9,8,5,10,6,5,10,5,5,51,12,5,11,5,8,12,9,5,371,6,14,7,11,7,11,6,32,10,15,14,45,7,8,22,7,5,12,7,5,13,10,5,36,14,16,13,5,5,6,12,7,6,11,6,6,31,42,7,9,16,10,11,8,7,6,6,6,8,13,8,7,5,5,12,10,6,18,9,61,8,54,22,6,5,5,10,17,6,6,5,5,5,9,6,13,8,6,12,13,9,7,4,13,13,7,7,29,7,29,7,29,6,7,40,7,7,8,20,21,5,5,5,38,5,5,5,13,5,23,13,7,7,5,8,15,5,5,21,11,5,10,12,10,6,17,8,13,16,14,9,119,36,16,80,14,8,8,5,148,12,8,13,7,5,6,15,10,8,16,68,11,13,6,7,5,16,17,9,6,7,8,18,37,9,5,5,8,11,13,21,5,14,13,6,6,30,122,116,106,31,81,80,27,8,14,6,13,11,9,15,10,165,20,6,20,7,5,5,11,6,8,5,8,6,31,18,5,5,11,11,5,22,66,17,5,35,7,29,7,16,19,23,5,5,11,7,5,61,5,5,9,18,9,5,8,6,6,11,6,6,5,9,5,6,7,6,88,9,14,7,6,5,5,5,18,8,21,12,6,6,5,5,5,6,10,17,8,19,19,5,15,12,28,60,5,503,6,38,14,6,5,6,7,7,9,6,8,16,27,12,12,15,8,19,50,32,7,8,14,6,6,6,11,6,6,9,6,8,6,6,7,12,6,7,10,16,5,95,6,10,6,5,5,6,5,5,29,15,10,5,9,6,96,5,14,360,7,7,17,9,5,5,8,6,9,7,9,7,23,9,10,5,6,18,11,17,8,5,15,11,6,7,7,7,22,6,7,5,5,78,22,11,16,9,6,11,9,9,21,8,7,6,28,20,9,5,29,14,9,16,31,6,7,6,6,20,9,5,29,13,6,8,6,6,12,12,22,29,6,5,6,5,19,6,6,7,20,15,9,25,12,16,8,7,8,6,5,5,6,6,5,11,6,5,6,422,7,6,16,27,9,5,9,8,11,7,6,5,5,15,11,9,5,7,13,9,30,6,4,45,5,31,31,5,5,6,5,6,29,15,34,31,7,5,5,23,16,29,5,14,13,29,5,15,10,13,4,29,7,37,9,19,6,19,8,12,7,6,26,42,17,16,8,7,5,6,7,4,7,7,5,30,12,32,15,32,17,12,5,15,22,13,5,13,26,17,43,86,7,8,5,6,5,6,15,5,5,18,7,13,12,7,22,5,7,5,21,21,6,5,15,16,14,5,7,11,26,16,308,4,43,43,43,5,15,5,3,5,15,43,20,13,6,5,6,9,4,54,18,10,16,14,5,7,14,5,5,54,19,5,9,7,8,8,9,7,11,14,11,9,14,16,7,32,5,8,51,51,51,5,52,52,51,51,51,59,53,52,6,9,57,5,5,8,8,14,88,35,10,16,76,7,13,9,9,10,4,15,7,5,17,5,15,15,7,17,4,87,9,15,6,9,5,31,6,33,29,22,5,6,248,19,96,5,5,21,7,14,5,6,8,28,33,8,63,37,8,9,5,5,9,13,7,20,26,7,20,5,16,10,5,7,10,5,21,7,7,16,12,38,6,5,6,7,7,9,6,187,8,16,27,12,12,10,13,6,13,13,16,9,8,71,6,7,10,31,163,7,8,13,7,6,119,6,8,6,14,8,6,8,7,12,8,10,8,5,6,70,5,9,8,5,5,12,5,8,10,6,35,6,17,9,5,8,9,9,9,29,14,5,7,14,17,6,6,6,6,6,6,7,13,5,6,6,5,6,8,9,12,6,6,7,6,13,7,6,6,6,5,21,12,7,36,6,19,33,51,24,69,97,97,97,7,62,21,261,6,51,17,22,5,5,108,5,7,9,7,5,11,7,17,5,19,6,11,11,17,6,7,19,9,30,5,4,41,6,29,26,7,16,7,6,6,6,16,20,37,11,86,10,5,5,21,5,5,5,103,5,21,35,6,18,15,6,17,5,31,23,8,19,66,21,7,15,5,29,5,21,9,6,7,5,9,5,5,9,12,8,16,7,6,9,9,5,13,5,8,7,11,12,46,89,5,6,74,117,120,119,9,5,48,45,7,14,7,5,9,6,6,8,6,21,7,120,36,13,19,13,37,14,55,6,9,6,6,10,10,5,9,7,9,7,10,10,5,11,6,5,8,7,9,10,10,17,7,16,9,5,5,15,7,62,15,13,5,7,17,6,9,10,7,6,31,113,5,6,53,5,22,5,6,6,10,8,17,8,15,7,15,7,19,9,13,15,5,22,5,10,13,7,18,11,11,7,7,8,9,11,14,8,9,14,87,28,43,8,7,16,5,6,5,6,5,10,5,30,23,63,14,9,11,37,19,80,21,15,5,7,6,33,5,28,16,9,19,11,12,9,11,9,20,13,5,11,10,10,6,10,19,12,19,7,6,7,7,8,5,7,9,5,247,14,18,6,11,15,6,5,8,18,18,7,6,8,7,37,21,8,8,9,5,6,6,13,7,14,5,16,7,15,6,6,13,12,7,7,5,10,5,7,55,7,23,5,6,6,6,6,6,11,6,6,11,6,11,6,11,6,10,6,6,6,6,11,10,6,6,6,6,6,6,6,6,8,8,9,108,7,6,46,7,9,44,5,38,5,42,5,5,104,5,41,5,6,7,5,42,5,7,8,10,6,8,9,45,45,6,40,104,5,99,5,101,42,9,37,97,16,41,78,97,65,5,31,6,78,44,60,7,5,10,66,15,108,44,5,104,5,39,5,44,59,79,5,105,60,106,103,106,104,104,41,104,65,5,37,5,6,5,6,5,44,63,5,5,109,68,29,98,108,109,90,33,5,47,6,5,37,22,6,7,7,7,12,9,9,10,7,9,10,7,6,30,8,92,5,17,29,25,57,7,5,26,18,7,44,45,26,7,19,5,7,21,21,26,11,8,12,7,38,14,6,18,6,7,28,6,8,21,6,82,6,56,51,6,6,23,17,6,9,5,15,15,14,83,6,6,40,7,7,28,5,9,20,6,16,42,6,25,26,83,83,58,31,23,18,20,11,6,6,78,54,31,35,14,8,6,6,80,82,6,8,7,70,7,5,8,5,6,5,6,30,7,6,82,14,7,5,18,6,21,29,6,8,12,5,33,6,139,56,33,6,8,6,14,15,8,32,34,26,52,5,5,7,5,82,35,6,148,27,11,8,6,8,26,8,30,15,5,7,6,7,5,11,9,5,6,10,10,10,7,7,7,18,8,19,5,7,6,6,36,5,10,6,68,13,7,8,8,25,6,11,76,41,41,7,7,7,29,7,29,7,29,22,43,16,6,23,12,4,5,6,31,14,29,7,5,15,6,16,9,22,41,5,8,9,31,9,14,7,17,14,8,9,6,6,6,6,7,8,7,9,6,5,11,6,5,6,17,9,6,13,31,12,31,31,31,9,234,86,7,21,5,10,5,22,7,9,38,8,36,8,7,6,7,10,5,16,9,16,11,16,9,8,14,9,7,13,17,7,5,36,8,7,6,5,5,9,9,5,15,9,19,14,16,28,27,6,18,18,28,5,41,15,13,5,116,6,7,27,5,44,35,8,9,6,16,7,7,23,7,11,8,12,6,9,5,12,8,6,20,17,9,9,6,9,8,7,6,32,6,5,6,5,6,9,5,6,5,7,10,5,12,5,5,29,4,5,15,5,15,9,5,7,5,15,6,5,6,7,23,7,15,13,16,7,38,3,7,11,4,37,24,5,31,14,6,5,15,31,5,16,7,21,5,13,9,5,15,9,12,7,15,8,8,24,10,8,11,11,7,551,5,44,22,161,9,5,542,5,6,7,6,5,12,6,8,12,6,7,15,11,5,6,5,9,27,77,35,15,5,5,5,5,14,110,16,12,6,18,17,6,10,17,9,9,8,13,13,6,7,6,7,7,18,5,15,11,8,8,5,6,5,10,16,37,6,8,24,5,19,9,7,7,5,5,5,41,7,7,9,11,5,7,5,32,28,5,5,9,6,30,15,6,7,5,7,6,6,16,9,10,7,8,15,8,7,5,7,10,11,7,15,11,10,5,10,14,14,11,11,7,47,7,25,18,11,5,7,20,22,22,13,15,22,19,10,13,7,22,10,7,47,5,7,5,7,7,14,5,6,7,11,6,8,8,6,13,7,12,9,6,5,51,51,8,26,7,6,9,8,10,82,5,21,21,19,43,7,6,8,29,61,8,5,5,8,8,84,13,5,6,23,26,5,6,5,15,9,8,5,6,7,6,22,52,20,10,9,112,20,83,5,6,7,5,29,15,18,6,5,6,15,11,17,7,10,20,8,17,6,6,215,15,6,15,20,7,7,17,9,5,12,6,33,9,6,15,25,11,5,5,4,7,21,25,7,13,17,11,15,6,7,40,9,40,15,13,9,22,26,7,17,6,22,9,15,6,9,40,8,10,14,7,40,12,10,40,15,9,41,5,6,6,9,7,10,11,16,40,13,38,18,10,7,8,29,10,9,5,10,40,6,15,7,7,9,29,9,7,6,6,11,8,23,20,8,7,6,5,5,17,5,17,30,7,4,19,20,21,19,4,4,6,33,25,4,19,6,5,17,40,40,5,40,4,6,15,5,8,6,51,5,8,8,5,7,13,15,7,24,30,9,7,29,10,7,11,5,7,12,30,11,30,12,17,10,10,7,7,29,5,12,7,10,7,30,11,30,30,30,3,6,29,36,5,7,6,8,30,7,7,29,6,7,6,30,7,8,7,7,6,30,36,29,7,12,7,10,35,30,11,7,10,6,31,12,13,10,18,6,18,17,20,40,5,4,5,40,5,9,8,92,9,6,16,6,7,23,7,13,5,8,10,6,5,7,8,6,5,7,11,6,16,7,5,46,21,12,6,8,15,31,25,16,23,10,6,5,8,7,16,15,6,7,15,8,12,8,5,18,11,8,7,7,5,10,19,7,130,5,5,41,5,6,8,21,8,5,5,14,10,14,7,8,17,9,15,6,10,13,5,5,7,6,20,29,13,5,13,19,13,67,7,6,96,26,15,84,5,22,8,8,6,12,8,21,13,7,9,10,22,7,6,6,6,6,6,13,13,7,23,18,27,7,9,7,10,9,15,10,16,6,6,19,8,8,28,7,18,27,15,7,1245,6,235,164,235,8,8,5,6,8,8,7,11,12,13,18,5,8,8,7,16,8,12,13,5,6,9,12,7,10,12,13,5,6,7,6,5,8,5,31,21,8,6,6,10,18,7,17,4,5,5,12,8,6,5,15,29,13,7,29,6,5,29,18,5,30,14,7,6,7,9,6,6,46,13,19,12,17,6,6,7,5,20,8,5,11,15,7,6,51,15,7,23,18,15,38,10,14,33,21,6,5,8,6,11,5,9,43,7,11,10,6,460,11,5,8,8,8,5,874,10,11,8,5,5,474,6,5,5,6,13,6,6,5,13,6,6,5,6,7,6,5,72,6,59,9,5,7,15,7,16,7,5,9,10,949,8,6,7,11,5,23,6,5,7,6,46,22,7,6,8,21,16,8,5,9,17,14,10,16,11,26,7,34,29,26,6,10,34,42,21,13,7,8,5,6,10,5,6,5,7,9,5,6,6,5,10,7,11,11,6,6,9,8,17,17,17,11,6,6,5,7,7,9,104,9,61,110,5,7,5,16,6,6,5,8,5,60,8,50,6,12,15,11,9,8,10,10,6,74,12,6,5,8,6,5,22,19,5,5,8,167,9,9,14,8,9,9,11,8,9,9,11,8,7,5,7,8,5,5,7,5,6,11,7,16,25,25,25,6,6,12,7,5,7,7,7,5,5,6,6,5,14,7,10,36,5,7,16,42,15,5,8,7,8,24,5,7,15,5,7,7,15,6,6,5,14,8,15,8,7,24,7,15,9,15,240,17,20,24,15,15,17,20,24,15,15,17,20,24,15,15,17,20,24,15,15,17,12,8,22,9,8,7,6,7,11,7,6,5,5,7,4430,16,6,7,11,15,5,8,17,17,7,6,38,17,240,5,16,15,17,19,5,16,15,17,11,6,13,6,15,10,12,320,8,17,22,7,40,6,6,6,9,6,49,7,10,235,5,5,90,15,17,13,14,16,7,11,10,7,6,13,7,14,7,14,7,14,7,13,7,10,7,16,31,15,27,8,11,30,21,6,7,30,22,8,27,8,205,5,8,27,9,9,6,9,23,12,16,7,15,19,11,7,14,9,16,14,6,15,15,28,277,13,28,28,15,6,9,43,13,54,5,11,12,22,12,5,12,13,19,15,11,6,11,6,7,6,8,8,63,11,6,7,6,46,6,65,51,47,58,6,48,49,45,48,52,9,34,6,6,5,5,38,33,16,56,58,53,58,6,6,23,38,33,41,58,58,6,566,38,16,6,58,6,16,7,6,75,5,38,8,7,74,287,10,8,7,12,11,5,8,8,38,16,6,5,5,42,16,38,49,6,14,14,8,11,6,13,7,17,5,6,8,5,7,7,5,7,9,16,9,12,8,6,11,6,5,5,7,7,14,7,9,21,7,20,8,10,9,14,5,18,14,5,5,7,23,8,7,7,24,9,5,7,7,6,17,73,6,13,5,6,8,7,5,19,5,7,15,7,14,11,7,12,7,6,6,5,6,6,6,6,7,15,15,7,10,6,9,9,10,7,13,6,5,10,8,12,13,5,21,11,5,8,14,14,6,6,413,5,16,5,11,16,32,7,9,5,8,9,5,11,13,12,7,9,6,6,135,6,11,7,8,5,11,8,8,11,7,5,5,28,5,5,8,8,5,5,48,6,14,6,13,6,6,5,11,7,11,12,9,12,14,13,13,8,15,20,14,12,149,5,5,6,19,22,27,19,20,19,6,7,18,6,27,19,23,43,20,19,20,20,6,19,7,142,19,143,6,14,20,16,16,8,6,8,13,7,9,5,4239,14,4,7,16,7,7,7,6,5,6,10,80,6,1406,6,65,6,13,165,65,103,15,5,13,16,36,15,20,42,15,17,35,42,8,22,15,8,22,15,5,5,15,13,15,17,42,17,8,19,19,8,5,5,21,8,6,6,8,7,31,18,5,5,7,8,9,8,6,9,11,5,6,5,193,7,27,5,8,22,8,5,141,144,9,141,20,5,7,6,180,5,8,6,13,5,6,6,34,5,5,7,5,66,11,8,13,5,13,5,5,29,29,29,29,6,5,5,21,41,5,10,15,8,21,5,90,5,130,9,5,12,160,50,17,11,6,6,12,9,6,7,15,16,13,5,14,13,5,6,16,7,6,5,9,31,9,24,9,31,5,9,10,9,18,6,9,8,24,6,5,9,5,5,5,7,319,6,0,6,8,19,15,5,5,5,55,6,13,8,5,5,6,10,285,6,6,6,20,11,5,20,27,5,20,11,20,6,27,20,11,20,27,20,11,20,27,20,11,20,27,11,27,20,11,20,20,20,6,6,53,6,8,5,6,6,35,6,154,5,12,6,19,155,5,13,5,8,8,6,70,7,16,5,5,744,5,58,5,7,8,6,9,11,20,102,12,6,9,6,12,5,6,9,7,6,17,23,14,7,14,6,8,7,11,5,23,14,7,10,5,7,9,5,6,7,11,6,8,5,10,8,75,7,250,90,5,20,15,9,8,5,5,9,6,15,5,5,5,12,5,7,26,5,17,8,13,5,5,32,5,5,43,6,12,5,7,6,6,8,6,25,5,8,12,29,7,7,12,5,5,12,5,1932,14,5,5,6,24,5,5,6,9,29,6,8,5,31,29,5,5,9,5,6,13,5,6,5,24,5,12,496,7,5,5,12,7,5,8,137,7,5,26,201,6,7,14,11,18,15,5,11,8,15,35,7,6,5,8,19,6,46,22,7,48,19,12,12,272,11,7,6,15,18,8,7,5,9,5,6,9,7,16,6,19,6,7,17,21,5,5,5,7,7,7,19,9,14,5,6,19,19,6,13,32,6,30,22,14,15,5,8,1329,6,114,7,15,6,170,21,115,5,5,48,117,7,5,7,5,6,5,120,7,36,5,5,15,315,5,44,7,18,7,3,6,12,13,15,12,464,129,6,15,5,589,8,62,6,5,115,5,52,319,41,6,44,7,40,13,5,393,19,6,13,18,5,5,158,24,5,5,158,5,5,8,205,8,18,32,10,66,32,32,12,7,8,5,8,13,7,26,5,5,158,24,5,32,10,9,6,6,5,7,9,9,12,322,6,10,5,6,43,46,5,6,9,9,5,7,9,8,25,19,7,24,24,4,30,4,7,8,27,7,31,5,8,31,4,244,8,7,482,105,11,80,6,12,16,24,25,21,752,8,6,9,9,70,25,19,150,6,6,7,5,18,63,6,86,86,5,5,7,8,5,8,50,12,6,6,8,6,22,239,233,11,11,24,5,6,3,8,49,6,5,19,5,16,9,5,14,8,5,4,33,12,7,5,5,9,10,9,5,7,33,7,12,6,6,249,10,7,5,22,12,6,7,5,7,16,48,19,15,11,5,5,7,23,10,146,11,6,7,7,17,12,12,5,222,15,10,11,17,6,14,7,20,5,7,7,22,7,6,6,6,6,5,6,8,19,8,8,98,251,5,147,180,7,5,232,138,5,6,21,8,5,6,7,6,5,709,19,5,175,265,77,21,90,63,43,139,17,34,5,109,6,60,5,5,113,6,80,109,78,78,10,38,113,80,32,7,82,114,6,191,82,76,106,93,77,109,115,112,79,123,76,18,114,122,79,78,80,114,59,60,59,59,60,83,82,80,101,83,98,114,60,82,60,73,100,99,58,112,83,36,27,101,83,107,100,83,77,99,34,111,10,114,114,10,14,34,16,22,50,130,31,7,144,134,77,77,6,11,48,48,72,76,13,82,107,123,107,123,92,80,72,122,76,80,79,82,58,118,80,114,40,66,33,108,122,107,39,74,114,48,101,83,98,115,98,100,66,66,31,39,74,114,49,114,114,108,108,114,108,114,114,37,36,8,706,73,11,213,16,144,90,8,13,5,9,9,20,6,22,8,9,7,15,9,5,6,6,9,618,126,52,72,5,7,42,7,7,6,8,6,420,12,143,16,6,17,82,10,155,9,7,7,8,16,6,8,7,5,8,15,10,6,6,62,22,6,99,101,63,68,101,101,100,100,101,99,5,7,6,6,15,5,7,6,6,7,5,7,10,7,5,7,6,5,5,7,5,6,7,6,5,5,7,5,8,10,5,6,8,5,9,6,5,6,38,77,13,6,5,9,32,7,10,5,5,6,6,5,7,7,9,5,6,23,7,6,6,64,61,95,9,8,329,12,6,9,6,11,6,7,7,7,7,7,5,8,7,9,14,9,5,7,6,5,5,5,5,5,7,7,5,6,5,6,9,8,7,5,6,5,136,118,134,12,29,16,6,6,7,7,7,6,17,10,5,5,5,5,18,8,6,11,9,10,6,8,5,5,6,5,6,6,11,5,7,6,7,6,8,10,15,5,8,129,22,5,120,6,18,6,23,14,6,58,67,12,42,63,6,21,16,5,10,11,9,5,5,5,5,6,5,12,8,6,6,5,11,8,7,13,8,13,5,8,9,7,9,24,8,7,7,10,7,9,5,10,6,5,12,8,6,5,13,6,5,16,5,6,15,6,6,5,6,11,58,5,6,29,6,27,27,27,6,59,24,17,5,78,18,6,41,41,9,6,79,5,8,116,7,9,124,143,6,15,10,8,7,10,6,12,7,7,6,20,20,22,15,23,13,8,5,123,8,17,10,100,13,7,10,6,7,119,6,5,15,87,6,13,9,8,108,5,14,10,6,6,7,9,14,10,6,156,10,7,6,13,5,6,5,5,6,61,25,5,112,8,6,6,5,5,7,5,13,8,17,5,28,6,6,5,15,10,15,75,11,5,6,12,7,11,28,6,5,14,7,7,18,11,23,5,6,19,17,18,64,8,7,76,5,6,5,5,6,26,12,8,6,5,463,5,106,7,15,7,5,101,7,7,5,7,8,98,6,5,18,10,111,118,43,23,9,6,6,13,8,10,6,7,15,6,33,5,5,9,9,236,20,15,5,8,5,6,23,5,5,6,16,21,5,7,13,14,160,18,14,255,13,7,9,5,5,6,120,28,40,11,5,9,7,6,140,7,5,7,206,6,32,5,9,5,6,7,14,6,11,5,6,117,126,11,6,6,7,11,5,18,22,25,18,20,25,24,28,13,16,13,8,25,68,13,5,5,65,78,5,6,5,66,66,7,59,10,5,6,5,10,5,6,46,47,18,114,6,7,5,8,11,7,5,7,7,6,5,10,111,5,5,9,7,8,7,5,5,5,8,10,9,5,11,7,8,43,7,7,8,15,8,37,5,5,5,7,7,13,8,8,14,133,5,5,21,6,5,6,7,291,6,62,52,6,10,10,15,6,6,9,5,10,8,12,7,48,5,8,9,85,6,9,5,9,77,35,7,5,5,5,28,5,21,33,11,8,7,20,7,5,5,5,7,5,7,9,14,5,28,9,24,5,53,51,51,57,60,53,60,63,52,6,5,7,11,5,5,6,5,6,5,5,8,12,6,23,6,15,5,5,28,20,11,52,1440,5,8,37,12,18,119,5,53,19,6,5,6,7,5,13,7,5,5,6,5,5,5,6,6,6,5,15,5,6,6,12,6,5,13,7,5,19,5,13,19,5,5,272,6,7,8,6,9,41,41,41,5,5,9,5,26,12,5,17,9,13,5,12,17,13,5,25,8,5,7,17,8,5,11,5,11,10,6,6,12,15,25,19,5,15,6,7,272,6,7,6,6,71,5,8,68,5,10,12,13,10,12,6,39,51,7,5,12,5,21,14,18,5,266,13,5,74,5,5,8,27,13,9,15,5,48,8,43,18,7,100,8,9,24,13,5,7,59,6,9,18,8,6,139,65,7,31,13,9,13,19,10,6,304,17,33,5,29,29,29,6,8,19,5,5,5,25,13,5,9,7,8,5,6,5,7,59,6,6,8,90,6,6,102,60,102,15,6,6,17,6,16,10,6,47,8,10,11,14,17,6,5,6,14,10,6,7,7,66,5,15,5,19,36,36,5,6,12,17,11,6,13,11,6,16,6,5,6,6,269,114,104,107,107,58,7,6,18,15,7,24,5,13,10,6,9,49,5,19,75,12,15,22,14,8,7,21,5,6,18,5,22,11,11,22,202,22,17,25,26,5,247,14,17,61,247,8,5,7,6,7,8,20,5,13,10,15,5,11,72,5,8,5,7,8,9,8,12,5,8,7,101,5,7,13,12,33,16,13,5,169,12,6,19,6,7,5,19,7,6,5,11,6,7,7,5,8,5,6,5,6,6,7,34,30,5,8,26,5,11,203,6,5,63,12,5,7,12,6,94,25,5,10,10,160,5,205,125,215,5,30,41,41,6,29,6,7,16,9,10,6,120,113,7,11,6,56,18,5,11,11,9,12,20,24,7,6,23,7,7,25,8,7,20,7,6,6,14,10,5,8,6,91,13,7,44,7,82,6,15,6,6,13,11,5,6,12,13,6,5,5,16,7,232,5,6,5,5,5,5,5,6,7,5,5,6,7,25,506,4,5,5,5,5,5,6,37,31,5,12,5,152,5,5,35,9,19,11,6,5,21,16,30,24,5,15,7,5,7,32,5,5,20,17,20,7,86,7,8,15,11,10,7,9,14,7,5,0,5,11,30,5,6,6,20,26,6,294,15,5,5,14,5,51,51,6,9,258,6,44,10,6,5,5,9,7,5,5,21,15,7,272,5,6,18,5,12,19,5,70,7,32,35,157,8,63,11,6,6,27,6,5,56,21,16,15,136,13,16,27,194,19,16,6,16,18,5,57,6,6,5,8,12,14,25,13,14,25,23,8,6,21,12,6,5,10,34,8,6,6,6,5,111,6,16,9,9,14,5,18,9,9,5,6,13,5,6,6,5,204,8,11,7,7,7,11,7,7,10,10,10,5,6,263,7,161,5,7,13,7,6,6,77,7,62,9,9,22,16,5,5,7,7,12,9,17,6,35,6,5,5,421,6,12,14,6,5,20,11,10,5,5,28,11,29,61,5,21,35,7,217,11,66,7,75,21,21,43,31,5,21,9,6,7,27,12,20,9,16,14,13,40,125,15,203,14,159,20,34,671,258,226,9,8,297,14,6,15,8,10,8,5,8,15,9,5,13,25,7,8,15,11,11,35,5,14,15,6,17,14,7,6,9,11,80,5,21,15,7,19,16,45,22,6,9,6,20,8,9,6,7,6,5,12,6,8,5,14,5,14,7,22,6,16,12,5,8,9,14,6,15,6,19,15,6,16,5,14,8,15,10,9,11,33,8,8,9,5,6,6,27,5,15,14,9,19,8,94,23,15,11,6,7,7,6,5,7,7,5,7,7,7,5,6,5,11,7,7,5,5,7,7,6,5,5,11,7,15,8,70,6,25,40,5,27,68,104,13,5,8,26,104,5,101,5,76,10,44,5,77,5,104,9,47,5,5,39,5,11,5,5,5,104,105,104,102,113,105,116,104,41,5,78,97,5,37,5,27,31,5,69,74,5,95,109,110,10,47,29,109,38,6,5,5,8,6,6,7,5,10,6,54,24,7,67,75,6,32,19,5,22,11,10,5,143,34,11,6,14,106,18,7,6,33,12,6,13,87,8,6,19,14,46,29,7,23,28,5,6,5,9,6,9,10,6,5,268,14,83,29,31,6,6,5,17,18,12,11,6,16,62,6,25,6,29,30,5,28,6,5,17,5,18,14,6,5,82,5,7,108,14,28,5,6,6,8,7,50,28,7,8,96,6,24,7,5,7,30,30,7,27,28,7,8,8,5,26,5,8,12,34,36,7,9,88,8,7,5,6,11,6,8,6,36,26,8,28,27,7,6,20,5,6,5,7,15,5,9,6,101,7,9,15,5,5,18,6,6,6,5,5,5,29,29,6,31,29,5,7,7,7,7,29,5,7,38,14,29,29,20,11,7,6,8,6,7,25,9,6,5,9,5,13,5,6,5,9,6,34,8,31,9,11,5,10,11,12,25,13,152,8,6,7,19,16,13,5,7,31,16,5,5,6,7,16,12,19,24,19,14,5,5,27,1087,21,23,200,7,9,208,6,30,6,8,13,9,17,15,13,11,13,11,13,5,7,9,6,6,13,5,6,5,9,6,79,19,6,15,9,5,6,6,15,9,5,5,4,45,29,5,9,7,9,15,12,7,13,5,185,5,6,6,7,19,5,13,5,8,8,70,42,5,5,29,9,18,6,9,15,9,5,9,9,6,7,8,5,9,7,6,8,16,12,8,8,6,8,5,9,5,7,7,18,43,6,5,235,17,6,7,30,22,11,127,31,6,161,6,6,64,19,35,19,12,7,6,9,14,5,13,5,7,5,38,10,14,5,5,8,70,5,21,43,9,7,25,8,13,8,21,5,5,5,14,6,81,8,40,5,5,52,21,28,10,63,347,9,5,6,24,21,5,63,7,10,6,32,8,37,6,5,5,5,9,59,6,10,5,17,4,31,5,5,7,6,11,9,5,5,12,7,5,60,6,58,5,8,6,6,15,5,6,5,39,5,9,6,29,6,5,6,9,7,29,5,6,7,15,9,21,5,139,8,22,66,5,4,7,15,5,40,5,4,16,9,8,11,6,9,8,29,11,9,6,30,9,30,5,29,11,7,7,13,5,7,30,8,30,5,30,10,7,10,6,10,29,7,9,7,5,6,30,12,7,42,5,62,7,5,400,5,40,7,6,995,13,134,7,6,10,9,13,6,7,6,45,7,5,5,8,8,6,6,11,5,12,8,5,6,15,17,22,78,634,14,6,9,8,12,6,9,127,9,5,13,19,8,6,6,25,10,22,9,96,7,8,5,9,23,6,6,39,8,11,13,16,41,5,18,10,9,5,5,10,86,14,6,24,26,24,6,24,9,8,12,22,58,6,20,22,167,154,164,75,8,12,5,12,17,15,5,11,23,5,6,5,5,7,17,6,6,5,5,9,13,21,8,55,8,5,7,29,32,6,29,7,7,9,84,10,240,26,5,8,14,54,9,7,6,14,60,11,72,14,14,6,13,8,482,13,6,5,13,7,5,33,18,6,6,6,7,7,6,7,30,16,10,20,16,34,12,5,75,6,14,215,10,19,5,10,12,223,15,11,69,5,6,126,8,12,13,7,12,5,8,6,0,15,5,15,17,20,24,15,15,17,20,24,15,15,17,20,24,15,15,17,20,24,15,15,17,20,24,15,15,17,20,24,15,15,17,12,17,5,16,15,17,12,19,5,16,15,17,19,5,16,15,17,16,8,6,7,8,12,211,10,6,10,6,7,7,6,61,5,6,7,6,7,14,15,9,17,9,9,12,7,6,205,7,6,6,14,277,7,12,9,14,7,6,7,7,25,33,5,7,5,1456,8,19,161,53,6,279,6,16,4,7,5,6,56,58,6,21,5,25,470,6,7,6,75,5,8,7,74,5,232,8,7,14,9,159,7,208,5,6,6,15,10,7,5,10,7,5,6,10,6,6,12,11,19,12,305,5,203,7,5,10,5,7,9,26,24,6,15,5,12,6,8,38,7,17,7,5,8,14,6,28,5,6,5,11,18,5,5,11,8,5,5,5,12,5,14,5,6,8,5,7,5,5,6,6,7,5,7,5,9,14,6,18,395,9,22,6,9,5,18,7,5,9,10,6,5,5,170,5,5,5,8,15,13,6,24,13,6,43,6,9,6,7,5,895,5,226,7,5,318,30,19,5,16,37,11,6,147,142,142,19,22,16,8,8,189,5,5,4176,4,8,6,7,15,6,5,6,19,15,11,5,6,19,21,8,19,8,7,16,5,3716,21,29,8,7,18,7,8,6,6,10,10,179,59,45,8,24,8,10,479,20,9,184,134,31,116,5,8,5,29,29,19,29,141,12,11,10,5,1062,7,9,12,6,11,9,6,6,11,54,16,13,14,5,10,30,5,9,18,14,5,6,6,26,5,15,134,8,0,6,11,5,6,56,99,64,5,19,141,6,12,6,20,20,11,20,6,11,11,11,27,11,11,20,11,20,27,20,11,20,27,27,103,15,11,11,6,6,85,69,6,9,5,9,9,7,6,12,24,47,6,6,5,5,161,5,5,231,22,5,142,7,7,25,6,6,21,9,5,6,14,5,7,5,15,7,14,27,6,9,75,7,156,90,5,8,19,5,9,6,10,5,17,5,86,128,33,5,5,6,6,11,11,8,29,7,62,9,5,12,5,188,1866,23,6,13,16,23,5,5,7,11,10,14,5,5,6,21,7,7,6,7,5,162,7,5,6,62,6,6,14,5,6,10,6,14,6,8,9,5,89,6,16,5,5,7,8,5,7,5,5,6,7,5,7,6,13,5,6,6,15,7,6,8,6,6,17,5,47,7,7,8,10,5,50,8,13,44,6,5,35,12,496,5,5,40,28,211,7,14,7,18,15,11,15,36,6,7,12,12,14,12,24,11,9,17,9,8,8,5,6,28,6,19,6,6,5,13,14,7,6,5,7,11,32,17,30,5,30,32,7,14,15,10,7,9,35,0,86,18,6,13,6,148,22,28,113,5,5,5,7,12,5,118,35,7,36,5,21,15,5,287,156,7,12,7,3,6,8,12,397,9,149,9,7,116,369,41,6,14,4,40,29,100,11,10,26,5,158,202,26,18,162,60,30,68,46,12,7,10,7,5,7,26,10,9,7,23,17,63,5,79,5,27,10,7,24,19,12,5,30,7,4,30,4,7,8,8,31,15,244,8,77,17,254,46,16,26,42,25,21,7,9,17,88,53,19,6,7,8,18,63,6,124,5,9,5,50,48,21,6,23,6,11,82,5,5,9,231,1191,5,6,3,8,49,6,3,19,5,66,4,33,5,7,5,8,10,9,5,6,5,15,6,21,12,5,17,11,49,19,5,7,23,10,193,11,17,12,36,10,6,8,10,5,122,7,11,7,6,6,6,5,6,8,19,8,8,183,5,364,5,14,5,8,5,22,157,720,75,5,118,5,9,11,108,3,76,5,5,61,6,78,39,6,116,113,77,77,110,119,124,45,9,122,114,60,122,58,122,99,83,35,83,60,35,82,76,10,36,23,111,112,99,58,111,114,10,14,5,16,5,117,6,7,18,138,134,76,59,75,6,6,76,77,16,51,82,122,60,5,130,7,13,119,61,40,130,61,40,10,5,58,48,44,114,108,10,114,114,37,114,105,8,7,6,10,5,135,9,5,8,5,3,17,5,5,53,541,6,5,139,60,5,5,7,8,5,62,144,8,14,6,8,5,8,8,7,10,22,17,98,5,6,99,101,102,101,100,100,101,100,12,5,11,0,10,239,70,10,207,5,23,7,95,96,6,95,9,5,7,10,10,5,9,10,9,16,7,11,8,8,11,6,6,5,7,7,18,64,8,9,6,16,15,6,5,119,6,7,132,5,5,5,7,12,6,6,9,5,20,8,11,6,7,7,9,487,131,122,41,6,6,56,68,85,137,6,6,10,11,6,5,13,5,5,10,8,7,13,5,11,5,5,12,8,8,7,5,6,5,6,6,5,5,7,6,5,13,7,6,5,7,8,5,6,9,6,6,15,6,6,5,212,6,7,5,6,33,25,33,8,5,79,5,8,28,29,9,21,14,6,6,5,11,6,19,5,5,5,133,9,6,17,8,5,6,12,5,18,6,12,6,7,9,16,14,6,5,5,6,6,110,9,7,23,8,7,7,55,6,11,7,6,7,9,60,6,86,8,9,6,5,7,14,5,11,5,6,6,22,6,7,6,16,6,5,5,9,6,18,10,29,5,7,23,10,7,5,22,6,23,23,6,1940,17,45,45,12,120,7,118,120,5,105,5,102,20,5,10,5,10,13,10,235,120,137,24,31,5,6,92,8,27,5,8,6,7,5,5,2,136,136,5,7,9,5,6,5,42,6,7,6,5,5,5,10,735,118,12,40,12,6,5,11,7,11,5,43,7,59,5,14,14,12,5,6,0,5,626,42,6,6,11,5,20,10,11,5,34,20,26,9,5,13,7,10,13,6,12,11,27,80,5,5,5,5,7,59,17,5,6,49,11,6,116,6,10,5,7,5,6,5,8,16,5,14,5,7,7,5,11,7,5,5,16,8,5,22,12,15,8,5,5,12,5,6,20,5,264,6,30,106,10,12,10,10,5,6,12,5,9,188,6,9,5,31,21,12,7,14,6,5,5,5,16,92,7,51,5,51,51,63,56,53,52,6,210,5,5,59,6,5,5,7,6,12,23,78,5,5,28,20,11,53,679,7,121,5,7,41,6,7,5,5,6,8,5,6,6,15,8,6,5,6,19,6,13,6,7,14,5,8,5,23,13,5,19,5,17,13,11,18,7,15,10,5,10,5,6,6,5,6,5,6,9,9,13,6,5,5,8,12,10,15,6,13,21,190,28,18,16,13,66,5,14,9,8,5,35,52,9,13,7,18,6,13,9,13,17,357,45,6,29,29,8,5,9,7,7,216,16,6,24,6,6,78,5,15,6,9,14,25,6,10,13,9,26,11,9,6,10,11,17,6,16,6,12,8,6,17,9,5,5,18,27,7,7,12,6,5,97,6,7,7,11,5,11,15,11,11,14,6,5,11,6,6,269,123,110,102,58,58,5,15,25,6,54,5,34,5,16,10,10,8,7,7,8,14,8,7,21,5,22,62,201,17,26,35,5,247,17,87,247,6,6,8,19,9,8,10,67,5,7,13,16,11,7,7,8,110,5,11,13,159,13,125,6,5,11,6,7,7,6,5,5,5,6,6,7,34,5,8,29,116,14,24,6,77,28,317,70,25,5,10,10,128,226,88,12,20,6,201,7,50,10,129,113,11,91,5,14,12,16,8,8,7,7,18,173,565,24,6,6,5,5,6,7,8,131,7,12,5,8,8,7,5,7,9,8,6,15,12,6,37,37,7,317,6,6,5,5,5,5,5,6,70,7,506,4,5,6,37,13,5,41,34,19,5,5,16,30,5,13,6,35,35,32,5,7,5,17,7,86,35,10,47,247,7,5,6,5,23,11,30,5,6,14,9,43,26,6,5,5,5,51,53,61,51,17,59,53,50,51,6,6,6,10,6,75,5,5,40,7,271,21,5,6,37,38,87,38,7,35,35,198,8,6,63,11,49,107,6,5,16,9,152,13,16,27,13,60,6,13,25,5,8,11,14,20,8,24,11,8,9,8,8,5,6,13,5,6,6,6,5,9,6,10,10,8,16,5,232,5,8,11,7,7,7,11,11,7,10,10,27,6,5,13,6,6,6,7,23,7,5,251,17,9,19,8,33,6,12,6,27,11,10,5,29,28,7,175,19,11,66,21,42,21,8,7,9,14,13,40,110,15,78,159,283,15,254,14,6,8,10,8,7,15,5,11,5,16,12,5,14,7,6,39,7,6,17,14,7,6,5,22,21,15,19,16,20,19,10,9,10,11,9,14,5,5,5,7,7,20,7,7,13,7,12,13,15,21,13,6,12,17,6,19,13,9,14,8,9,14,12,6,12,7,5,8,8,8,8,9,27,29,19,19,18,73,17,6,5,7,7,5,7,7,5,7,7,5,5,7,6,7,5,5,7,7,5,5,7,15,5,41,82,23,5,46,16,34,41,62,10,31,5,77,5,77,35,104,9,5,10,105,41,104,5,6,8,15,108,5,10,41,5,78,5,5,104,5,105,104,104,104,67,5,78,99,5,5,41,95,109,5,8,98,29,6,97,98,35,38,6,5,59,337,10,6,60,14,31,38,38,26,6,32,41,25,41,36,21,22,41,10,216,25,14,25,111,8,5,192,9,106,83,6,31,8,14,6,151,23,5,17,14,6,26,29,12,5,28,6,5,18,11,6,7,14,11,6,5,7,8,6,15,5,6,8,11,14,41,7,5,42,18,8,6,20,15,6,7,8,52,12,7,6,6,24,5,18,7,30,32,30,7,5,6,5,8,5,7,15,36,6,181,11,6,8,25,6,6,27,8,26,6,5,10,5,11,5,5,90,86,15,5,6,5,6,13,5,31,6,5,32,7,29,10,15,16,5,33,14,45,7,8,6,7,33,6,16,6,7,7,7,7,31,9,11,12,41,11,6,5,10,17,14,9,5,7,5,27,12,5,5,7,7,7,5,15,7,8,5,7,158,23,128,6,209,6,9,8,12,9,16,12,25,21,15,36,7,7,6,139,21,9,6,8,12,14,5,6,6,6,4,7,6,5,5,5,5,15,40,52,221,6,7,19,5,5,214,8,70,42,5,17,13,9,16,16,12,5,36,10,5,5,23,7,5,27,12,39,9,13,7,18,12,8,9,6,7,25,42,5,6,8,5,230,19,11,30,11,34,125,30,33,37,62,6,6,9,14,17,5,550,53,57,52,48,5,9,65,5,19,23,25,8,13,58,7,5,52,9,286,80,21,5,118,7,6,74,26,201,5,6,6,33,4,31,17,17,19,5,5,6,5,5,6,5,5,6,6,15,5,6,5,6,5,39,6,11,152,8,9,66,4,4,5,40,5,4,16,9,12,6,6,9,9,10,8,10,9,11,7,4,13,59,30,36,36,6,10,30,12,42,29,126,5,30,803,5,5,7,217,45,7,10,8,9,196,6,123,6,31,6,14,6,17,36,6,18,223,12,99,141,13,5,29,128,9,5,8,18,16,39,16,5,10,200,14,17,11,10,6,24,9,8,12,22,15,38,7,1470,6,237,237,8,17,5,12,5,8,5,5,5,5,5,5,5,9,8,55,7,12,7,84,5,21,34,124,21,33,5,47,60,10,14,454,13,8,13,6,13,9,5,5,6,8,7,7,6,6,6,6,19,20,16,1402,12,77,154,19,5,5,18,219,18,65,151,34,5,136,12,13,8,20,5,0,15,5,15,17,6,5,20,24,15,15,17,5,20,24,15,15,17,20,24,15,15,17,20,24,15,15,17,20,24,15,15,17,20,24,15,15,17,12,17,5,16,15,17,12,185,5,16,15,17,19,5,16,15,17,16,8,10,13,190,10,10,6,7,7,75,7,7,14,9,9,12,39,9,5,9,200,23,32,22,277,7,7,277,7,7,12,7,77,5,7,5,7,6,24,743,73,465,6,16,4,6,17,5,7,260,6,7,74,5,221,7,21,202,14,7,200,14,10,10,6,21,23,23,5,8,7,13,12,6,58,42,5,7,31,7,5,15,5,4,9,7,23,8,7,6,28,11,9,6,5,18,5,12,12,5,7,5,7,15,5,5,16,5,116,9,10,12,5,7,7,5,5,5,8,27,13,6,7,5,916,11,226,7,335,123,17,16,8,6,147,147,16,16,19,16,204,11,5,6,4,8,7,6,5,14,15,15,8,8,19,9,6,5,3189,21,29,11,18,9,12,193,12,8,10,5,10,20,4,166,115,5,8,5,29,29,29,29,173,5,1144,5,9,9,12,42,11,6,6,13,14,30,22,9,8,20,25,149,0,6,11,8,68,8,64,285,13,20,6,27,20,11,11,11,27,11,27,11,20,27,20,27,20,11,11,20,16,6,6,6,6,8,5,6,12,24,211,7,7,5,282,5,139,9,168,8,5,10,7,13,6,75,6,6,130,140,118,5,9,5,7,14,7,11,7,11,7,7,64,7,5,1634,32,5,8,6,29,32,5,5,5,5,6,12,5,5,5,5,364,6,7,5,6,6,9,5,10,7,7,7,6,21,6,16,8,17,19,6,10,5,5,6,6,9,11,5,8,5,9,10,6,9,6,8,5,20,56,5,58,5,5,6,8,9,5,10,5,7,5,6,44,2679,14,45,33,35,12,10,496,5,5,124,14,15,11,12,12,264,9,31,8,8,21,6,33,6,19,19,5,14,9,6,17,5,7,14,15,92,5,18,13,13,5,5,11,7,16,15,15,293,183,28,6,8,12,381,23,9,61,9,127,5,860,41,6,8,4,40,125,6,27,8,5,5,730,157,32,5,5,10,5,17,334,226,15,9,7,6,9,29,4,7,17,4,31,244,34,11,918,37,60,25,26,59,53,19,6,7,8,18,13,50,8,5,23,6,82,5,9,234,69,6,3,8,49,5,19,5,66,4,12,7,5,5,6,11,53,15,17,30,11,10,653,11,17,27,16,10,5,136,5,13,97,6,6,8,8,8,284,8,5,22,223,77,21,62,14,3,8,61,108,99,5,62,12,127,82,81,6,124,109,118,115,5,113,32,122,79,79,6,60,79,57,77,114,82,79,99,109,61,35,77,99,81,79,83,36,35,80,83,5,35,114,6,8,19,12,5,10,197,79,6,134,5,134,6,5,10,20,69,6,77,66,34,127,82,107,7,123,59,79,118,52,37,116,107,7,114,8,114,108,114,114,105,8,160,5,190,9,5,10,0,89,5,106,108,5,6,6,7,6,5,7,1233,1095,14,6,21,25,162,6,30,88,101,86,101,101,101,100,101,99,12,11,0,362,5,24,19,37,25,11,26,64,6,76,98,15,5,14,9,6,5,6,11,7,14,9,5,6,34,6,8,19,5,120,7,136,5,33,12,6,13,15,14,5,9,6,20,6,11,9,5,293,326,6,69,6,19,6,6,136,85,6,85,82,5,6,14,21,5,5,8,7,5,7,8,8,5,15,7,6,9,5,9,6,6,6,10,11,6,6,8,5,150,28,10,106,6,6,5,6,7,55,55,32,64,23,12,5,5,8,6,146,11,10,9,34,6,5,5,6,18,10,122,16,6,10,8,12,215,5,10,14,44,107,6,7,6,6,10,5,5,53,8,5,6,5,1391,61,21,5,7,6,21,5,6,19,6,5,8,25,14,12,10,5,22,5,9,12,120,232,179,6,7,16,6,176,6,30,117,13,5,106,19,88,12,9,90,14,5,19,8,6,417,6,9,5,9,16,10,14,5,9,5,25,9,6,5,11,6,65,10,363,150,6,5,26,14,14,6,5,63,66,10,7,5,35,13,7,8,5,157,6,132,19,462,10,25,22,17,16,25,64,59,59,65,6,5,14,50,6,5,6,115,10,9,11,5,5,8,11,7,8,16,138,11,9,10,10,46,5,310,249,66,10,5,190,5,70,11,14,15,5,5,13,9,8,6,7,7,13,7,5,51,51,52,58,6,62,58,6,43,5,10,20,5,6,13,5,6,24,23,5,21,20,11,441,5,19,6,5,6,69,118,7,7,12,86,9,5,6,6,17,17,5,14,6,8,250,6,5,21,20,21,5,7,18,8,35,52,13,18,13,13,486,31,6,32,8,9,17,5,129,6,103,5,0,9,5,8,14,5,16,5,13,15,13,13,116,110,102,103,100,239,6,11,10,8,296,23,199,26,247,247,5,8,106,11,5,99,5,57,9,5,5,5,91,5,158,13,212,6,5,11,6,11,11,5,5,6,6,34,218,6,5,201,83,15,14,7,6,7,5,10,10,235,11,199,27,6,58,7,12,6,129,113,13,6,7,19,5,6,8,10,91,6,8,11,25,5,37,10,8,6,7,6,8,7,7,10,631,6,152,7,446,7,5,5,5,17,41,7,506,4,41,11,37,21,41,34,25,21,16,30,5,5,7,17,7,5,46,86,247,5,7,7,5,23,11,30,5,104,7,5,18,9,20,26,6,5,5,18,5,51,52,51,51,52,38,6,68,6,49,53,5,6,44,10,5,6,5,5,40,7,205,272,5,37,35,200,8,63,11,49,102,6,5,19,5,16,27,138,14,12,6,25,8,11,24,17,12,6,5,8,6,5,8,20,8,13,8,8,8,16,6,5,14,9,9,9,6,18,11,24,16,5,190,11,7,7,11,10,10,10,6,13,160,6,7,7,5,17,9,485,12,34,35,5,7,175,11,66,5,5,9,14,13,12,40,110,15,95,160,283,15,295,14,6,74,6,7,11,5,8,16,11,7,7,39,131,15,6,14,12,5,22,15,7,15,9,6,20,8,15,8,104,7,5,11,8,5,11,7,6,7,12,5,14,6,6,6,12,19,7,6,14,5,14,8,15,11,5,9,5,8,12,5,17,19,19,18,70,17,6,5,5,7,7,5,7,11,5,7,6,5,5,7,7,5,7,7,15,5,7,104,102,47,10,104,111,5,5,115,5,104,115,105,105,5,41,8,21,90,58,35,5,109,109,112,108,5,6,29,6,21,21,6,5,6,13,5,56,40,50,865,10,6,349,44,38,38,38,6,32,41,34,36,23,10,301,24,19,19,83,6,23,6,5,7,6,53,8,5,5,6,9,7,83,6,30,12,108,18,5,6,8,7,7,14,103,6,47,22,37,5,44,6,6,64,8,11,5,6,5,6,5,5,42,18,8,7,151,7,8,15,6,7,6,6,9,5,7,7,14,26,14,6,25,5,17,6,17,46,7,31,28,6,15,46,27,24,5,5,8,10,5,7,15,5,6,10,5,31,32,7,15,9,8,7,5,15,20,7,8,6,7,9,6,37,7,7,32,8,7,8,7,27,12,5,33,5,6,8,6,7,8,5,7,158,23,123,7,224,6,9,8,9,21,5,11,6,21,85,9,6,79,15,9,18,5,6,6,4,33,5,5,15,40,52,581,6,7,5,5,8,70,10,9,6,8,17,21,15,7,8,7,6,5,22,7,14,5,7,10,9,5,8,248,39,6,6,5,21,9,7,42,5,19,5,5,229,19,11,30,11,104,125,184,19,84,5,983,14,17,5,502,228,38,58,5,49,49,13,69,5,19,23,25,8,13,8,5,52,7,335,7,9,62,6,6,142,83,201,6,6,33,4,31,31,6,5,5,6,5,6,6,15,5,6,41,9,7,155,22,4,4,40,5,9,12,6,10,10,7,10,9,10,7,9,9,7,4,13,201,36,36,9,30,12,62,387,5,40,45,7,20,15,11,6,123,6,30,6,17,37,18,151,12,91,84,9,5,8,16,16,29,5,250,26,24,321,73,8,12,22,6,151,167,167,230,535,8,136,5,12,5,5,9,70,7,84,17,6,322,21,118,10,14,286,13,13,6,7,6,6,20,16,167,12,92,335,19,5,16,15,181,35,5,210,12,13,8,20,0,15,5,14,17,20,24,15,15,17,20,24,15,15,17,20,24,15,15,17,20,24,15,15,17,20,24,15,15,17,20,24,15,15,17,12,19,5,16,15,17,19,5,16,15,17,17,5,16,15,17,16,6,10,229,10,10,7,75,40,26,9,651,24,6,28,7,7,7,7,10,89,7,6,22,182,73,245,6,16,4,5,51,6,7,13,5,7,6,7,26,5,223,5,10,201,10,7,10,7,7,59,7,52,
12,16,8,7,11,9,8,9,7,7,7,13,12,6,13,9,14,9,8,12,14,6,15,12,7,96,15,96,16,6,6,15,12,9,7,41,86,7,7,42,43,9,60,9,20,10,6,14,7,96,14,96,36,43,14,43,17,37,9,88,7,9,20,19,14,9,3683,8,9,7,60,54,10,7,59,44,70,57,12,8,50,45,56,10,13,11,9,11,11,9,11,7,6,9,31,9,8,10,10,9,7,7,14,13,7,16,8,14,14,6,9,20,26,43,39,17,15,7,7,7,25,13,53,22,7,25,13,53,22,7,25,13,6,24,9,6,142,498,14,6,8,22,8,16,13,7,19,13,7,7,6,6,8,18,15,17,14,7,9,14,13,6,9,6,9,6,9,6,9,6,35,6,35,6,35,6,35,6,35,32,32,32,32,32,32,32,32,32,32,32,9,7,6,9,6,14,6,8,7,9,10,17,7,8,9,8,49,9,15,12,12,8,9,12,8,7,9,18,13,19,9,9,14,17,21,8,9,8,6,7,32,14,8,15,184,5,6,7,9,8,6,21,43,41,6,5,6,41,41,6,6,6,6,6,41,41,5,41,5,41,12,12,13,12,13,8,14,6,12,12,8,12,6,15,14,15,11,7,15,7,7,14,7,16,7,16,7,16,22,16,6,6,14,7,11,7,19,64,9,15,10,18,14,6,27,6,18,15,8,16,6,9,7,35,8,10,9,7,6,13,24,13,10,10,7,9,16,9,35,6,7,73,73,9,17,20,15,82,7,21,11,6,21,12,21,28,21,12,6,21,28,21,12,6,21,12,6,21,12,21,28,6,21,6,21,21,7,28,14,8,14,6,41,12,15,10,13,20,6,6,19,19,16,8,13,14,16,13,12,13,11,14,11,18,14,13,8,8,15,12,16,21,6,17,10,6,8,7,13,10,10,11,29,12,10,6,7,12,9,7,6,15,7,8,29,7,11,34,17,7,8,8,17,7,8,12,7,7,17,7,8,9,8,12,21,18,7,10,6,10,9,7,7,7,10,10,16,8,8,11,8,22,17,11,6,10,9,7,9,10,6,11,19,8,15,9,17,8,19,7,13,7,22,13,9,7,18,9,11,13,8,15,17,6,12,6,16,17,6,6,7,6,7,10,7,6,37,6,6,13,38,28,6,6,6,16,7,27,7,6,6,16,11,6,10,12,18,7,7,16,10,6,7,26,6,15,7,9,9,13,10,6,22,10,6,21,7,11,6,9,7,7,22,8,15,13,119,6,10,6,6,12,6,13,6,10,6,8,6,12,6,76,33,6,6,9,7,19,6,6,10,10,35,7,13,6,26,6,9,6,23,30,6,6,6,6,12,6,6,15,6,9,6,16,17,16,8,9,8,11,9,7,39,17,17,13,17,7,6,13,9,7,7,31,21,5,8,13,4,16,21,41,34,19,18,41,41,6,21,30,15,20,18,6,6,8,7,9,6,8,17,10,8,16,17,12,9,6,6,25,10,12,11,18,16,11,8,25,20,13,15,39,21,57,7,6,33,7,36,6,25,79,6,7,34,79,23,15,11,11,11,15,7,8,14,10,8,16,22,12,14,10,6,14,6,19,13,7,6,20,12,9,6,6,6,14,6,18,7,31,20,6,6,14,19,47,7,15,20,8,7,6,33,7,15,31,10,21,7,6,15,7,10,19,7,7,8,18,20,8,31,6,15,6,7,7,20,20,7,6,31,7,15,8,15,15,21,6,15,15,6,15,9,14,6,20,22,9,6,14,9,29,8,56,11,8,8,12,10,9,8,12,12,8,6,8,57,9,103,8,14,15,8,6,7,7,6,6,7,13,18,8,6,12,19,7,8,18,22,44,30,5,6,30,6,18,7,174,6,15,16,8,14,8,12,12,8,12,12,8,6,18,27,7,13,91,117,111,111,8,87,11,9,16,14,22,6,9,8,6,9,9,7,8,13,16,6,8,6,15,16,9,7,6,17,6,6,15,7,7,9,7,8,8,9,7,8,8,20,13,6,54,6,13,15,8,10,6,22,16,9,10,15,6,6,6,20,11,51,20,17,10,17,6,8,23,7,11,32,6,14,8,8,203,33,7,14,35,10,7,8,41,7,14,9,12,26,5,51,6,8,87,8,105,6,7,6,91,102,6,7,6,26,6,22,7,8,9,10,6,11,35,24,17,8,30,7,30,27,17,8,6,8,7,9,16,9,23,34,12,6,8,6,105,6,6,7,6,162,8,31,11,6,21,42,42,6,6,14,8,8,16,13,8,13,8,9,18,9,11,8,9,11,9,6,7,7,18,10,6,10,7,13,8,6,20,8,16,42,42,5,8,8,7,14,8,8,33,21,8,19,8,9,5,8,9,4,6,16,5,43,12,9,8,17,8,8,12,12,7,25,11,11,14,6,6,11,8,13,15,25,6,9,10,9,9,9,46,9,6,22,9,9,9,17,27,44,10,28,5,8,14,7,10,9,7,31,6,14,11,15,6,15,6,8,7,7,7,11,14,7,15,7,94,89,138,89,15,8,15,22,6,42,10,17,51,33,9,8,6,6,7,18,7,7,6,7,7,20,10,7,6,18,10,7,6,24,6,7,6,22,8,6,21,6,12,69,6,9,23,26,6,45,7,6,71,8,8,37,24,6,11,26,6,23,7,7,10,9,8,6,6,53,10,50,8,6,6,6,6,13,7,6,10,7,55,27,12,8,19,7,8,20,5,46,11,8,13,6,6,6,10,7,7,12,7,11,17,6,8,6,11,16,9,7,17,8,492,7,6,9,32,11,24,12,18,25,8,7,7,31,6,6,10,6,11,8,24,13,22,11,5,135,22,8,17,6,29,6,7,11,7,7,7,7,7,7,8,7,6,9,30,6,14,15,15,17,35,238,12,14,8,12,12,12,10,6,25,7,17,15,8,7,8,7,7,23,8,26,7,8,7,7,8,3,7,7,8,7,6,7,8,12,8,21,6,7,39,10,9,8,8,9,7,11,11,8,22,10,5,139,8,8,14,8,69,15,6,54,8,6,77,114,110,79,114,110,10,16,6,84,33,114,99,6,41,114,83,113,18,82,83,115,85,81,81,11,106,125,108,83,79,16,6,115,33,79,78,115,119,7,61,82,80,100,99,84,119,109,81,104,101,101,108,76,83,100,119,101,93,113,84,84,35,93,102,84,84,36,101,84,79,79,84,115,11,112,58,112,11,60,115,115,25,11,7,17,9,7,41,93,56,116,7,31,11,8,113,81,108,76,60,79,114,60,77,11,84,108,78,53,84,86,107,115,104,114,93,82,53,131,82,131,108,131,93,117,131,115,94,8,67,84,84,75,102,123,102,84,101,127,101,106,100,99,115,53,41,115,54,42,113,75,68,84,54,109,54,54,109,109,54,115,115,115,115,38,115,115,9,23,6,11,9,11,10,13,8,10,10,13,10,32,7,10,11,14,22,10,7,7,15,8,9,7,6,7,12,24,28,18,7,7,22,51,22,140,12,16,11,11,6,8,10,6,10,7,11,10,7,7,14,12,14,7,9,6,9,17,7,9,8,6,8,18,7,7,12,15,7,7,7,91,103,102,102,108,102,101,102,102,101,102,6,12,8,9,10,9,12,10,10,9,11,11,13,9,11,9,8,10,8,10,22,11,10,10,6,9,7,10,8,21,22,21,12,8,8,7,77,99,98,97,96,62,83,99,8,8,15,7,9,8,9,18,15,10,14,10,8,8,12,8,10,9,7,8,8,15,18,7,8,7,6,6,7,14,9,9,16,12,15,7,8,10,8,13,6,7,8,7,7,9,6,9,21,6,22,25,26,14,14,13,86,41,13,86,6,8,7,8,6,7,10,8,12,10,6,14,8,13,7,8,6,14,7,14,13,14,6,7,12,8,29,29,26,28,85,150,35,27,7,37,18,37,19,7,8,8,6,8,7,10,22,17,11,9,13,10,7,9,11,10,22,7,7,14,8,7,15,16,6,9,10,10,15,7,11,7,17,10,6,7,13,15,9,12,7,7,7,8,13,12,6,12,13,7,27,6,10,7,15,6,11,11,15,21,8,11,10,8,6,10,10,7,10,9,9,6,6,13,9,18,8,8,11,17,8,61,17,29,89,9,8,44,7,8,7,8,17,7,13,13,13,7,11,15,15,6,6,14,7,8,22,15,9,23,7,12,8,14,8,13,8,10,6,6,15,18,12,14,23,6,8,13,6,6,17,6,11,13,9,9,13,13,7,13,9,17,6,14,7,8,8,11,5,21,15,8,6,10,8,8,15,11,8,13,6,11,6,6,9,8,19,17,23,45,29,10,7,39,65,16,63,66,78,66,63,7,60,6,67,6,9,8,8,14,24,54,73,47,74,12,7,6,9,10,11,10,10,8,22,13,10,11,9,7,8,10,9,12,13,10,7,8,11,8,37,20,17,9,7,19,6,7,6,27,12,44,7,7,14,18,25,18,21,9,6,16,7,6,9,15,7,13,120,5,25,7,22,6,15,11,12,5,11,9,7,13,18,18,7,10,21,14,9,8,11,11,21,6,8,14,17,8,12,6,10,9,215,24,9,6,7,7,33,6,8,8,16,19,17,6,175,24,7,16,15,10,6,6,28,7,11,7,6,50,13,17,13,10,6,9,10,6,6,10,16,6,6,7,11,7,15,6,7,8,53,55,6,9,61,52,52,61,51,61,62,55,53,7,15,10,9,11,18,12,73,8,10,16,55,10,6,10,10,5,27,16,6,18,16,5,41,7,9,28,24,15,7,9,16,7,16,12,6,38,6,16,22,8,85,8,16,6,8,33,19,17,6,89,7,21,7,14,7,11,16,8,10,249,7,12,24,12,11,11,25,7,6,26,13,6,37,6,37,11,12,9,6,12,6,11,7,8,7,7,7,6,12,11,7,12,13,9,11,12,9,6,8,10,4,38,8,7,6,12,9,6,13,6,11,9,8,6,8,17,8,49,43,12,6,11,8,14,19,8,15,32,8,6,7,8,11,81,6,9,10,9,6,11,7,6,11,6,6,52,13,6,12,6,11,13,10,6,385,7,15,8,12,8,12,7,33,11,16,17,46,8,21,23,8,6,13,8,6,14,11,6,37,15,17,14,6,6,7,13,8,7,12,7,7,32,43,8,10,17,11,9,8,7,7,7,14,9,8,8,8,13,7,19,10,62,9,55,23,7,6,6,11,18,7,7,6,6,6,10,7,14,9,7,13,14,8,5,14,14,8,8,30,8,30,8,30,7,8,41,8,8,9,21,22,6,6,39,6,6,6,14,6,24,14,8,8,6,9,16,6,6,22,12,8,13,11,7,18,16,17,15,10,120,37,17,81,15,9,17,6,13,9,14,8,6,7,16,11,9,17,69,12,14,7,8,6,19,18,10,7,8,9,19,38,12,7,6,9,12,14,22,6,15,17,7,7,31,123,117,107,36,82,81,28,9,15,7,14,12,11,16,11,166,21,7,21,6,6,12,7,9,6,11,32,19,20,6,12,12,6,23,67,18,6,36,8,30,8,17,20,24,6,6,12,8,6,62,6,6,10,19,10,6,9,7,7,12,7,7,6,10,6,8,8,8,89,10,18,8,7,6,6,6,19,9,22,13,7,7,6,6,6,7,11,9,20,20,6,16,13,29,61,6,504,39,15,7,6,7,8,8,10,7,9,17,28,13,13,16,9,20,51,33,8,9,15,7,7,7,12,7,7,10,7,7,7,8,7,8,11,17,6,96,7,7,6,6,7,6,6,30,16,19,6,10,7,97,15,361,8,8,18,10,6,6,9,7,10,8,10,8,24,10,11,7,7,19,12,18,9,6,7,8,23,18,8,6,6,79,23,12,17,10,7,12,10,16,22,9,8,37,21,10,6,30,15,10,17,7,9,7,7,21,10,6,30,14,7,9,7,7,13,13,25,30,7,6,7,6,20,7,7,8,28,16,10,26,13,17,9,8,9,7,6,7,7,6,12,7,6,7,423,8,7,17,28,10,19,10,9,12,8,7,7,6,16,12,10,6,8,14,321,5,46,6,32,32,6,6,7,6,7,30,16,35,32,8,6,6,24,17,30,6,14,30,6,16,11,14,5,30,21,38,10,20,7,20,9,13,8,7,27,43,18,9,8,6,7,8,5,8,8,6,39,13,33,16,33,18,13,6,16,23,14,6,14,27,18,44,89,8,10,6,7,6,7,24,6,6,19,8,14,13,8,23,6,8,6,22,22,7,6,16,17,15,6,8,12,27,17,5,44,44,44,6,16,6,4,6,16,44,21,14,14,6,7,10,5,55,19,11,17,15,6,8,15,6,6,55,20,6,10,8,9,9,10,8,12,15,12,10,15,17,8,33,6,22,52,52,52,6,53,53,52,52,52,60,54,53,7,10,58,6,6,9,10,15,89,36,482,17,77,8,14,10,11,5,18,8,13,18,6,16,18,8,18,5,88,10,16,7,10,6,32,7,34,30,23,6,7,249,20,97,6,6,22,8,15,6,7,9,29,34,9,38,9,10,13,13,10,14,8,22,27,8,22,6,17,11,6,8,11,6,22,8,17,13,39,7,6,7,8,8,10,7,188,9,17,28,13,13,14,7,14,14,17,10,18,72,7,8,39,164,8,9,14,8,7,120,9,7,15,9,7,9,8,13,9,11,9,12,7,71,6,10,9,6,6,13,6,13,7,36,7,20,10,6,17,10,10,10,30,15,6,8,15,18,7,7,7,7,7,7,8,14,6,7,7,6,14,11,10,13,7,14,8,7,20,8,7,7,14,22,13,8,37,7,20,34,52,25,70,98,98,98,8,63,22,7,52,24,23,6,6,109,6,8,16,8,12,8,18,6,20,7,12,12,18,7,8,20,10,31,6,5,42,7,30,27,15,17,8,7,7,17,21,38,12,87,11,6,6,22,6,6,6,104,6,22,36,7,19,16,7,18,6,32,24,9,20,76,22,8,16,6,30,6,22,10,7,8,6,10,6,6,12,13,9,17,8,7,10,10,6,14,6,11,8,12,47,90,6,7,75,118,121,120,14,49,8,15,8,10,7,7,9,7,23,8,121,37,14,22,14,38,15,56,7,10,7,7,13,11,6,10,8,10,8,11,6,12,7,6,9,8,10,11,11,18,8,17,10,6,6,16,8,63,16,14,6,8,18,7,12,11,8,7,32,114,6,7,54,6,6,7,7,11,9,18,9,16,8,16,8,20,10,14,23,6,30,6,11,21,8,19,12,12,8,8,15,16,12,15,9,10,15,88,29,44,9,17,6,7,6,7,6,11,6,31,24,15,10,12,38,20,81,22,16,6,8,7,34,6,29,17,11,20,12,13,10,12,10,21,14,6,7,20,15,20,8,7,8,8,9,6,8,10,6,248,15,19,7,12,16,7,6,9,19,19,8,7,9,8,38,22,9,9,10,6,7,7,14,8,15,17,8,16,7,7,14,13,8,8,6,11,6,8,56,8,24,6,7,7,7,7,7,12,7,7,7,12,7,12,7,11,7,7,7,7,12,11,7,7,7,7,7,7,7,7,9,9,10,109,8,9,47,8,10,45,6,39,6,43,6,6,105,6,42,6,7,8,6,43,6,8,9,11,7,9,10,46,46,7,41,105,6,100,6,102,43,10,38,98,17,42,79,98,66,6,32,7,79,45,62,8,6,11,67,16,109,45,6,106,6,40,6,45,60,80,6,106,61,107,104,107,105,105,42,105,66,6,38,6,7,6,7,6,45,64,6,6,110,69,66,99,109,110,91,34,6,48,7,6,38,23,7,8,8,13,10,10,11,8,10,11,8,7,31,9,93,6,18,30,26,155,8,6,27,19,8,45,46,27,8,20,6,8,22,22,27,12,9,13,8,40,15,7,19,7,8,29,7,22,7,83,7,57,52,7,7,24,18,7,10,6,16,16,15,84,7,7,41,8,8,29,6,10,21,7,17,43,7,26,27,85,85,59,32,24,19,21,12,7,7,79,55,32,36,15,9,7,7,83,83,7,9,8,71,8,6,9,6,7,6,7,31,8,7,83,15,8,6,19,7,22,30,7,9,13,6,34,7,140,57,34,7,9,7,15,16,9,33,35,27,53,6,6,8,6,83,36,7,149,28,12,9,9,11,27,9,31,18,6,8,7,8,6,12,10,6,7,11,11,11,8,8,26,19,9,20,6,20,15,7,37,6,11,7,69,14,8,10,9,7,12,42,42,8,8,8,30,8,30,8,30,23,44,17,7,24,13,5,6,7,32,15,30,8,6,16,7,17,10,23,49,6,12,10,32,15,8,18,15,9,10,7,7,7,7,8,9,8,10,7,6,12,7,6,7,18,10,7,14,32,13,32,32,32,10,235,89,8,22,6,12,6,23,8,10,39,9,9,8,7,8,11,6,17,12,17,12,17,10,9,15,10,8,14,18,8,6,37,9,8,7,6,6,12,10,6,16,10,20,15,17,29,28,7,19,19,29,6,42,16,14,6,117,7,8,28,6,45,38,9,10,7,17,8,8,24,8,12,9,13,7,17,6,15,9,7,21,12,10,7,10,9,8,7,33,7,6,7,6,7,10,6,7,6,8,11,6,6,6,30,5,6,16,6,16,10,6,6,16,7,6,7,8,24,9,16,14,17,8,39,4,8,12,5,38,25,6,32,15,7,6,16,32,6,17,8,22,6,14,10,6,16,10,13,14,16,9,9,11,9,12,12,22,6,45,23,162,10,6,543,7,8,7,6,13,7,11,13,7,8,16,12,6,7,12,10,28,78,36,16,6,6,6,6,15,111,17,14,7,20,18,7,12,18,10,10,9,14,14,7,8,7,8,8,19,6,16,12,9,9,6,7,6,11,17,38,7,9,25,6,20,10,8,8,6,6,6,42,8,8,10,12,6,8,6,33,29,13,6,10,7,31,16,7,6,8,7,7,17,10,11,8,9,16,39,8,6,8,11,12,15,16,12,11,6,13,15,15,13,89,8,26,19,12,6,8,27,23,23,14,16,23,20,13,14,8,23,13,8,48,6,8,6,8,8,15,6,7,8,12,7,9,9,7,14,8,13,10,7,6,52,52,9,27,7,10,9,11,83,6,22,22,20,44,8,7,9,30,62,9,6,6,9,9,14,6,7,24,27,6,7,6,16,26,9,6,7,8,7,53,21,11,10,21,84,6,7,8,6,16,19,7,6,7,17,12,18,8,13,21,18,7,7,16,7,16,21,14,8,18,10,6,13,14,34,13,7,16,26,6,6,5,22,26,8,14,18,12,16,14,8,41,12,41,16,14,23,27,8,18,7,23,10,16,7,41,9,11,15,8,41,13,11,41,16,42,8,7,7,10,8,17,12,17,41,14,39,19,11,8,9,30,11,10,6,11,41,14,18,8,8,10,30,10,8,7,7,12,9,24,21,9,8,7,6,6,18,6,18,31,8,5,20,28,22,34,5,5,7,34,26,5,20,6,18,41,41,6,41,5,7,16,6,10,7,52,6,9,13,6,8,14,16,8,25,31,10,8,30,13,8,12,6,13,31,12,31,13,11,11,8,8,30,6,13,8,11,8,31,12,31,31,31,4,7,30,37,6,8,7,9,31,8,8,30,7,8,7,31,9,8,8,7,31,37,30,13,8,11,36,31,8,11,7,32,13,14,11,7,19,18,21,41,6,5,6,41,6,10,9,93,10,7,23,7,8,24,14,13,9,11,7,6,8,9,7,6,8,12,7,17,8,6,47,22,13,7,11,16,32,26,17,24,11,7,6,9,8,17,16,7,8,16,9,13,11,6,19,12,9,8,8,6,19,26,16,131,6,6,42,6,7,9,22,9,6,6,15,11,8,11,10,7,11,12,8,9,21,30,14,6,14,20,14,68,8,7,97,27,16,85,6,23,11,9,7,13,9,22,14,8,10,11,23,8,7,7,7,7,7,14,14,8,24,19,28,8,10,8,17,10,16,12,17,7,7,20,9,9,29,19,28,16,8,1539,7,237,165,237,9,13,6,7,9,9,8,12,13,14,19,6,9,9,8,17,9,13,14,6,7,10,13,8,11,13,14,6,7,8,7,12,9,6,22,9,7,20,8,18,5,6,8,13,9,7,6,16,30,14,8,30,7,6,30,19,6,31,15,8,7,8,10,7,7,47,14,20,13,18,7,7,6,21,9,6,12,16,8,7,52,16,21,24,19,39,11,15,34,22,6,9,7,12,6,12,44,8,12,11,7,461,12,6,11,9,11,6,11,12,9,6,6,7,6,6,7,14,7,7,6,14,7,7,6,7,8,7,6,73,7,60,17,6,8,16,8,17,8,6,10,11,953,9,7,8,12,24,7,6,8,7,47,39,8,7,9,22,17,9,6,10,18,15,11,17,12,27,16,35,30,27,7,11,36,43,22,14,9,6,7,11,6,7,6,8,10,6,7,7,6,11,8,14,14,7,7,10,9,18,18,18,12,7,7,6,8,8,10,105,10,62,111,6,8,6,17,22,7,6,9,6,61,9,51,7,13,16,12,11,9,11,11,7,75,13,7,6,9,7,6,23,20,6,6,9,168,16,10,15,11,16,10,13,11,16,10,13,11,8,6,8,9,6,6,8,6,7,12,8,17,26,26,26,7,7,13,8,6,8,8,8,6,6,7,7,6,15,8,11,37,6,8,17,43,16,6,9,8,9,25,6,8,16,8,8,16,7,7,6,15,9,16,9,8,25,8,16,10,16,241,18,21,25,16,16,18,21,25,16,16,18,21,25,16,16,18,21,25,16,16,18,13,9,23,10,9,8,7,12,8,7,6,18,8,17,8,14,16,6,9,18,18,8,7,39,18,241,7,17,16,18,20,7,17,16,18,12,7,14,7,16,13,15,321,9,18,23,8,41,7,7,7,10,7,50,8,11,236,6,6,91,16,14,15,8,12,11,8,7,14,8,15,8,15,8,15,8,14,8,11,8,32,28,9,12,31,22,7,8,31,23,28,9,206,6,9,28,10,7,10,24,13,19,8,16,20,12,8,15,10,15,8,16,29,278,14,29,29,16,7,18,44,14,61,6,12,13,23,13,6,13,14,20,16,12,7,12,7,8,7,9,9,64,12,7,8,7,47,7,66,52,48,59,7,49,50,46,49,53,10,37,14,7,6,6,39,34,17,57,59,54,59,7,7,24,39,34,42,59,59,7,567,39,17,7,59,7,17,8,7,76,6,39,9,8,75,288,11,11,8,13,12,6,9,9,39,17,7,6,6,43,17,39,50,7,15,15,10,12,7,14,8,18,6,7,9,6,18,8,12,8,10,17,10,13,9,7,13,7,6,6,8,8,15,8,10,22,8,21,9,11,10,15,6,19,15,6,6,8,24,9,8,8,25,10,6,8,8,7,18,74,7,14,6,7,9,8,6,20,6,8,16,8,8,13,8,7,7,6,7,7,7,7,8,16,16,8,11,7,10,11,8,13,6,13,9,13,14,6,22,12,6,9,15,15,7,7,414,6,17,6,12,17,33,8,10,6,10,6,12,14,13,8,7,7,136,7,12,8,9,6,12,9,9,12,8,6,6,29,6,6,11,9,6,6,7,15,7,14,7,7,14,12,8,12,13,10,13,15,14,14,13,16,21,15,13,150,6,6,7,20,23,28,20,21,20,7,8,19,7,32,20,24,44,21,20,21,21,7,20,8,143,20,145,7,15,25,17,17,9,7,9,14,8,10,7,4306,15,5,8,17,8,8,9,7,6,7,11,81,7,1407,7,66,7,14,166,66,104,16,6,14,17,37,16,21,43,16,18,36,43,9,23,16,9,23,16,6,6,16,14,16,18,43,18,9,20,20,9,6,6,24,9,7,7,9,8,32,19,6,6,8,9,11,9,7,12,12,6,7,6,194,16,28,6,9,23,9,6,142,145,10,142,21,6,8,7,181,6,9,7,14,6,9,7,35,6,6,8,6,67,12,9,14,6,14,6,6,32,32,32,32,7,6,6,22,42,6,13,18,9,22,6,91,14,131,883,6,13,168,51,18,12,7,7,13,10,7,8,16,17,14,6,15,14,6,7,17,8,7,6,10,32,10,25,10,32,6,10,11,10,19,7,10,9,25,7,6,10,6,6,6,8,320,7,3,7,9,20,16,6,6,6,56,7,14,9,6,6,11,286,7,7,7,21,12,6,21,28,6,21,12,21,7,28,21,12,21,28,21,12,21,28,21,12,21,28,12,28,21,12,21,21,21,7,7,54,7,15,6,7,7,36,7,155,8,13,7,20,156,6,14,17,9,11,7,71,8,17,6,6,745,6,59,6,8,7,10,12,103,13,7,10,7,13,6,9,10,8,7,18,24,15,8,16,7,9,8,12,6,24,15,8,6,8,10,6,7,8,18,7,10,6,11,9,76,8,251,91,6,42,16,10,9,6,6,10,7,16,6,6,6,13,6,8,27,6,18,9,14,6,6,33,6,6,44,7,13,6,8,7,7,9,7,26,6,9,13,30,8,8,13,6,6,13,6,1933,34,6,6,7,25,6,6,7,10,30,7,9,6,32,30,13,6,10,6,7,14,6,7,6,6,13,497,10,6,6,13,8,6,9,138,8,6,27,202,7,8,15,12,19,16,6,12,9,16,36,8,7,6,19,20,7,47,23,8,49,20,13,13,274,12,8,7,16,9,6,10,6,7,10,12,19,7,20,7,12,18,22,6,6,6,15,10,8,20,14,15,6,7,20,20,7,14,33,7,31,23,15,16,6,9,1330,9,115,8,16,7,171,26,116,6,6,49,118,8,6,16,6,7,6,121,8,37,6,6,16,316,6,45,8,19,8,4,7,13,14,16,13,467,130,7,16,6,590,9,63,7,6,116,6,53,42,7,45,8,41,14,6,394,20,7,14,19,6,6,163,25,6,6,163,6,6,9,206,9,19,34,11,67,33,33,13,8,9,6,9,14,8,27,6,6,163,25,6,33,11,10,7,6,8,10,10,13,323,7,11,6,7,44,47,6,7,10,10,6,8,10,9,26,20,8,25,25,5,31,5,8,9,28,8,32,6,9,32,5,245,9,8,483,106,12,7,13,17,25,28,22,753,9,7,10,10,71,26,20,151,7,7,8,6,19,64,7,87,87,6,6,8,22,6,9,51,14,7,7,9,7,23,240,234,12,12,26,6,7,4,9,50,14,14,20,6,17,10,6,15,9,6,5,34,13,8,6,6,10,11,10,54,8,34,8,13,7,7,250,78,8,6,23,13,7,8,6,8,17,49,20,12,6,6,8,24,11,147,12,7,8,8,18,13,13,6,223,16,11,12,18,7,15,8,21,6,8,8,23,8,7,7,7,7,6,7,9,20,9,9,99,252,6,148,181,8,6,233,139,6,7,22,9,6,7,8,7,6,23,6,176,266,22,91,64,44,140,18,35,6,110,7,61,6,6,114,7,81,110,79,79,11,39,114,81,33,8,83,115,7,192,83,77,107,94,78,110,116,113,80,124,78,19,117,123,80,79,81,115,60,61,60,60,61,84,83,81,102,84,100,115,61,83,61,74,101,100,59,113,84,37,28,102,84,108,101,84,78,100,35,112,11,115,115,11,17,35,17,23,51,134,32,8,145,135,78,7,12,49,49,73,77,14,83,108,124,108,124,93,81,73,123,78,81,80,83,59,120,81,115,41,67,35,109,123,108,42,75,115,49,102,84,100,117,99,101,67,67,32,42,75,115,50,115,115,109,109,115,109,115,115,38,37,9,707,74,214,19,145,91,9,14,6,10,10,21,7,23,9,10,8,16,10,6,7,10,619,127,53,73,6,8,43,8,8,7,9,7,421,13,144,17,7,18,11,156,10,8,8,9,17,7,9,8,6,9,16,21,7,7,63,23,7,100,102,64,69,102,102,101,101,102,100,6,8,7,13,16,6,8,7,7,8,6,8,11,8,6,8,7,6,6,8,6,7,8,7,6,6,8,6,9,11,6,7,9,6,10,7,6,7,39,79,14,7,6,10,34,8,11,6,6,19,7,6,8,8,10,6,7,24,8,7,7,65,62,96,10,9,330,7,16,9,12,7,8,8,8,8,8,6,9,8,10,15,10,6,8,7,6,6,6,6,6,8,6,20,6,7,12,9,8,6,7,6,137,119,135,13,30,17,7,7,8,8,7,18,11,6,7,6,6,15,7,12,10,11,7,9,6,6,7,6,7,7,12,6,8,7,8,7,9,11,9,130,23,6,121,7,19,7,24,15,7,59,68,13,43,64,7,22,8,11,12,12,6,6,6,6,6,13,9,7,7,6,12,9,8,14,9,14,6,9,10,8,9,8,8,11,8,12,6,16,6,13,9,7,6,20,7,6,17,6,7,7,7,6,7,12,59,6,16,30,7,28,28,28,7,60,25,18,6,79,19,7,42,42,10,7,80,6,9,117,8,10,125,144,7,16,11,9,8,11,7,13,8,8,7,21,23,16,24,14,11,6,124,9,18,11,101,14,8,7,8,120,7,6,16,88,7,14,10,9,109,6,17,12,7,7,17,15,7,157,11,8,7,15,6,7,6,6,7,62,26,6,113,9,7,7,6,6,8,13,14,9,18,8,29,7,7,6,16,11,16,76,12,6,7,21,8,12,29,7,15,8,8,19,12,24,6,7,20,18,19,65,9,8,77,6,7,6,6,7,27,9,7,6,464,6,107,8,17,8,6,102,8,6,14,9,99,14,6,19,11,112,119,24,10,7,7,14,9,11,7,8,18,9,34,6,6,10,18,247,21,16,6,9,6,7,24,6,6,7,17,22,6,8,14,15,161,19,15,256,14,8,10,6,6,7,121,29,41,6,10,15,7,144,22,6,8,207,7,33,6,10,6,7,8,15,7,12,6,9,118,127,12,7,7,8,12,6,19,23,26,19,21,26,26,29,14,17,14,15,26,69,14,6,6,66,79,6,7,6,67,67,8,60,13,6,7,6,15,6,7,48,48,19,115,7,8,6,9,12,8,6,8,8,7,6,11,112,6,6,10,8,9,8,13,6,6,9,11,10,6,8,9,54,18,20,9,16,9,38,6,6,6,8,8,14,15,9,15,134,6,6,22,7,6,7,8,292,7,63,53,7,11,11,16,7,7,11,6,11,9,13,8,49,6,9,10,86,7,10,6,10,80,36,8,155,6,18,29,6,22,34,12,9,8,21,8,6,6,6,8,6,8,10,15,6,29,10,25,6,54,52,52,58,61,54,61,64,53,7,6,8,12,6,7,7,6,7,6,6,9,13,7,24,7,16,6,6,29,21,12,68,1441,6,9,38,13,19,120,6,54,20,7,6,7,8,6,14,8,6,6,7,6,6,6,7,7,6,16,6,7,7,13,7,6,14,8,6,20,6,14,20,6,6,273,7,8,9,38,10,42,42,42,6,6,12,6,27,13,6,18,10,14,6,13,18,14,6,26,9,6,8,18,9,6,13,6,13,11,7,7,13,16,26,20,7,16,7,8,273,7,8,7,7,6,9,6,11,13,14,11,13,7,40,167,8,6,13,6,22,15,19,6,267,14,6,75,6,6,9,28,14,10,18,6,49,9,19,8,101,9,10,25,14,6,8,60,18,10,19,9,7,140,66,8,32,14,10,14,20,11,7,305,18,34,6,30,30,30,7,9,20,6,6,6,26,14,6,10,8,9,6,7,6,8,60,7,7,9,91,7,7,103,61,103,16,7,8,18,7,17,11,7,48,9,11,17,19,7,6,7,19,11,7,8,8,67,6,16,6,20,37,37,6,13,18,12,7,14,19,7,18,7,6,7,7,270,115,105,108,108,81,9,7,19,16,8,25,6,14,11,7,10,6,20,77,14,16,23,15,9,8,22,6,74,19,6,23,12,12,23,203,23,18,28,27,6,248,15,18,62,248,9,6,8,7,8,9,21,6,14,11,16,6,12,73,6,9,6,8,9,10,9,13,6,9,8,102,6,9,14,13,34,17,14,6,170,13,7,20,7,8,6,20,8,7,6,12,7,8,8,8,9,6,7,6,7,7,8,35,31,6,11,27,6,12,204,7,6,64,13,6,8,14,7,95,27,8,12,11,161,6,206,126,216,6,31,42,42,7,30,7,8,17,10,19,7,121,114,8,12,7,57,22,6,12,12,10,13,28,25,8,7,24,8,8,26,9,8,21,8,7,7,15,11,6,9,7,92,22,8,52,8,83,7,16,7,7,14,12,6,7,13,14,7,6,6,17,15,233,6,7,12,20,6,6,6,7,8,6,6,7,8,26,507,5,6,6,6,6,6,7,38,32,6,13,6,153,6,6,36,10,20,12,7,6,22,17,31,25,6,16,8,6,8,33,6,6,21,18,21,15,89,8,10,16,12,12,8,10,15,8,6,3,25,12,31,6,7,7,21,27,7,295,16,19,6,15,6,52,52,7,10,260,9,45,482,7,6,6,10,8,6,6,22,16,8,275,6,7,19,6,13,20,6,71,8,33,36,158,9,7,19,28,19,57,561,22,16,137,14,17,28,195,20,17,7,17,19,18,58,18,7,6,9,13,15,26,14,15,26,9,7,22,13,7,6,11,9,7,7,7,6,112,7,21,10,10,15,6,10,10,7,7,14,6,7,7,6,205,0,9,12,8,8,8,12,8,8,11,11,11,6,14,264,8,162,6,8,14,8,7,7,78,8,63,10,12,23,18,6,6,8,8,13,10,18,7,36,7,6,6,422,7,13,15,7,6,21,12,11,6,6,29,12,30,62,6,22,36,8,218,12,82,8,78,22,22,44,32,6,22,10,7,8,29,13,21,10,17,15,14,41,126,16,204,15,160,21,35,672,259,227,10,9,298,15,16,26,11,19,6,9,38,10,6,14,26,8,9,23,12,12,36,6,15,16,7,18,8,7,10,12,83,6,22,16,8,20,17,23,7,11,7,21,9,11,7,8,7,6,13,7,9,6,15,6,15,8,23,17,17,13,6,9,10,15,7,16,7,21,16,7,17,6,16,9,16,11,10,12,34,9,9,10,6,7,7,28,6,16,10,20,9,95,24,16,7,8,8,7,6,8,8,6,8,8,8,6,7,6,12,8,8,6,6,8,8,7,6,6,12,8,16,9,71,7,26,41,6,28,69,105,6,9,27,105,6,102,6,77,11,45,6,78,6,105,10,48,6,6,40,6,12,6,6,6,105,106,105,103,114,106,117,105,42,7,79,98,6,38,6,28,32,6,70,75,6,96,110,111,11,48,30,110,39,7,6,6,16,7,7,8,6,11,7,102,25,8,68,76,7,33,20,6,26,12,11,6,144,65,12,7,17,107,19,8,7,34,13,7,14,88,9,7,20,15,47,30,8,24,29,6,7,6,10,7,10,11,7,6,278,15,84,30,32,7,7,6,18,19,13,12,7,17,63,7,26,7,30,39,6,29,7,6,18,6,19,15,7,6,83,6,8,109,15,29,6,7,7,9,8,52,29,8,9,97,7,32,8,6,8,31,31,8,28,46,8,9,9,6,27,6,9,13,35,37,8,10,89,9,8,6,9,12,7,9,7,27,9,29,28,8,7,21,6,13,6,8,16,6,10,7,108,8,10,16,6,6,19,7,7,7,6,6,6,30,30,7,32,30,6,8,8,8,8,30,6,8,39,15,30,30,21,12,8,7,9,7,8,26,10,7,6,10,6,14,6,7,6,10,7,35,9,32,10,12,6,12,12,13,26,14,9,7,8,20,17,14,6,8,32,17,6,6,7,8,17,13,20,25,20,15,6,6,28,1088,22,24,201,8,10,209,7,31,7,9,10,18,16,14,12,14,12,14,6,8,10,7,7,14,6,7,6,10,7,20,7,16,10,6,7,7,16,10,6,6,5,46,30,6,10,8,10,16,13,21,14,6,186,6,7,7,24,22,6,14,6,9,9,94,43,6,6,30,10,19,7,11,16,10,6,10,10,7,8,9,6,10,8,7,9,17,13,9,9,7,9,6,10,6,8,8,19,44,7,6,236,7,8,31,12,128,32,7,162,7,7,65,20,36,20,13,8,7,10,15,6,14,6,8,6,39,11,15,6,6,9,71,6,22,44,10,8,26,9,14,9,22,6,6,6,15,7,82,9,41,6,6,53,22,29,11,110,348,10,6,7,25,22,6,64,8,13,7,33,9,38,7,6,8,6,10,60,7,11,6,18,5,32,6,6,8,7,12,12,6,6,13,8,6,61,7,59,6,9,7,7,16,6,7,6,40,6,10,7,30,19,6,7,10,8,30,6,7,8,10,22,6,140,9,23,67,6,5,8,16,6,41,6,5,17,9,12,7,10,9,30,12,10,7,31,10,31,6,30,12,8,14,6,8,31,9,31,6,31,13,8,11,7,11,30,8,10,8,6,7,31,13,8,43,6,63,8,6,401,6,41,8,7,1005,14,135,10,7,11,10,14,7,8,7,46,8,6,6,11,9,7,7,12,6,13,11,6,7,16,18,23,79,635,15,7,10,9,13,7,10,128,10,6,14,20,9,7,26,11,23,10,97,8,9,6,10,24,7,7,40,11,12,14,17,42,6,19,11,10,8,6,12,87,15,7,25,25,7,25,17,9,13,23,59,7,21,23,168,155,165,77,9,13,6,13,18,16,6,12,24,6,7,6,6,21,18,7,7,6,6,14,9,72,9,6,8,30,33,7,30,8,8,10,93,11,241,27,6,9,15,55,10,23,7,15,61,12,73,15,15,7,14,9,483,14,7,6,14,8,6,34,19,7,7,7,8,8,7,8,31,17,11,21,17,35,13,6,84,211,15,216,11,20,11,15,224,16,12,70,6,7,127,214,13,14,13,6,9,7,15,16,6,16,18,21,25,16,16,18,21,25,16,16,18,21,25,16,16,18,21,25,16,16,18,21,25,16,16,18,21,25,16,16,18,13,18,18,17,16,18,13,20,7,17,16,18,20,7,17,16,18,17,9,7,8,9,15,212,11,7,11,7,8,8,7,62,6,7,8,15,8,15,16,10,18,12,11,13,8,7,206,8,7,7,15,278,8,13,10,15,8,8,8,8,34,6,8,6,1457,9,20,55,7,280,7,17,5,8,6,7,57,59,7,22,6,26,472,7,8,7,76,6,9,8,75,13,233,11,8,15,16,160,9,211,6,7,7,16,11,8,6,11,8,6,7,11,7,7,13,12,20,13,306,6,204,8,6,11,6,8,10,27,7,16,6,13,7,9,39,8,18,8,6,16,16,8,29,6,13,6,12,19,6,6,13,11,6,6,8,13,6,15,6,7,9,6,8,6,6,7,7,8,6,8,6,10,22,7,20,396,10,23,7,10,6,19,8,6,10,11,6,6,171,6,6,6,9,16,14,7,25,14,7,44,7,12,7,12,14,896,6,228,8,6,319,31,20,6,17,38,7,148,143,143,20,23,17,9,9,190,6,6,4240,5,10,7,8,17,7,6,7,20,20,19,6,7,20,22,9,20,9,8,17,6,3765,24,0,32,9,8,19,8,9,7,7,11,11,180,60,46,9,25,9,11,480,21,10,185,135,32,117,6,9,6,32,32,20,32,142,13,12,11,14,1063,8,10,13,7,12,10,7,7,12,55,17,14,15,6,13,31,6,29,19,15,6,7,9,27,6,16,255,9,3,7,12,6,7,57,100,65,6,20,142,7,13,7,21,21,12,21,7,12,12,12,28,12,12,21,12,21,28,21,12,21,28,28,104,16,12,12,7,7,86,70,7,16,6,11,10,8,7,13,25,48,7,7,17,6,162,6,6,232,23,6,8,8,26,7,7,22,10,14,7,15,6,8,6,16,8,15,28,7,10,76,8,157,91,6,9,20,6,12,7,11,6,18,6,87,129,34,6,6,7,7,12,12,9,30,8,63,10,6,13,6,189,1867,24,7,14,17,24,6,6,8,11,15,6,6,7,22,8,8,7,8,6,163,8,6,7,65,7,7,15,6,7,11,7,15,7,9,10,6,90,7,17,6,6,8,9,6,8,6,6,7,8,6,8,7,14,6,7,7,16,20,7,9,7,7,18,6,48,8,8,9,11,6,51,9,45,6,36,13,497,6,6,41,34,212,8,15,8,19,16,12,16,37,7,8,14,13,15,13,26,12,10,24,10,9,9,6,7,31,7,20,7,7,6,14,15,8,7,6,10,12,33,18,31,6,38,33,8,15,16,11,8,10,36,3,87,20,7,14,7,149,23,30,114,6,6,6,8,13,17,119,37,8,37,6,22,16,6,288,157,8,13,8,4,7,9,13,398,10,150,10,117,42,7,15,46,41,30,101,12,11,27,6,163,203,27,163,61,31,69,47,13,8,11,8,6,8,27,11,10,8,24,18,333,6,80,6,28,11,8,25,20,13,6,31,8,5,31,5,8,9,9,32,16,245,9,78,351,47,17,27,43,28,22,8,10,18,89,54,20,7,8,9,19,64,7,125,6,10,6,51,49,24,7,24,7,12,83,6,6,10,232,1192,6,7,4,9,50,4,20,6,77,5,34,6,8,6,9,11,10,13,6,16,7,22,13,6,18,12,50,20,6,8,24,11,194,12,18,13,37,11,7,9,11,6,123,8,12,8,7,7,7,6,7,9,20,9,9,184,6,371,6,15,6,9,6,25,158,721,76,6,119,6,10,12,109,4,77,6,6,62,7,79,40,7,117,114,78,78,114,120,125,46,10,123,115,61,123,59,123,100,84,36,84,61,36,83,78,11,37,24,112,113,100,59,112,115,11,17,6,17,6,118,7,8,19,139,135,77,60,76,7,7,77,78,17,52,83,123,61,6,131,8,14,120,62,41,131,62,41,11,6,59,49,45,115,109,11,115,115,38,115,106,9,8,7,11,6,136,10,6,15,6,4,18,6,6,54,542,7,6,140,61,6,6,8,9,6,63,145,11,15,7,9,6,9,8,11,23,18,99,6,7,100,102,103,102,101,101,102,101,13,6,12,11,240,71,11,208,6,24,8,96,97,7,96,10,6,11,11,8,10,11,10,17,8,12,9,9,18,7,7,8,9,10,7,17,16,7,6,120,7,8,133,6,6,6,8,13,7,7,12,6,16,12,7,8,8,10,488,140,123,42,7,7,57,69,86,138,7,7,11,12,7,6,6,6,11,8,14,6,12,6,6,13,9,15,8,6,7,6,7,13,6,6,8,7,6,15,8,7,6,8,9,6,7,10,7,7,16,7,7,6,213,7,8,6,7,35,26,34,9,6,80,6,9,29,30,10,22,15,7,7,6,12,7,20,6,6,6,134,10,7,18,9,7,15,6,19,7,13,7,8,10,17,15,7,6,6,7,7,111,12,8,9,8,8,7,12,10,7,8,10,61,7,87,9,12,7,6,14,15,8,12,6,7,7,23,7,8,7,17,7,6,6,10,7,19,11,30,8,24,11,8,17,23,7,24,24,7,1941,18,46,46,121,8,121,6,106,6,103,23,6,11,6,11,14,15,236,121,138,25,32,6,7,93,9,28,6,9,7,8,6,4,137,150,12,14,10,6,7,6,44,7,8,7,6,6,6,13,750,119,13,42,13,7,6,12,8,12,6,47,17,6,15,15,13,6,7,9,6,660,43,7,7,12,6,21,11,12,6,35,21,27,10,6,14,8,11,14,7,16,12,28,81,6,6,6,6,8,60,18,6,7,50,7,117,7,11,6,8,6,7,9,17,12,15,6,8,8,6,12,8,6,6,17,9,23,13,18,6,6,13,6,7,21,6,265,7,31,107,11,13,11,11,6,7,13,6,10,189,7,10,6,32,22,13,8,16,7,6,6,6,18,93,8,52,6,52,52,64,58,54,53,7,211,6,7,60,7,6,6,10,7,13,24,81,6,6,29,21,12,680,8,122,6,8,42,7,8,6,6,7,11,6,7,7,16,9,7,6,7,20,9,14,38,8,6,9,6,24,21,6,20,6,18,14,12,19,8,16,11,6,11,6,7,7,6,15,6,7,10,10,14,7,6,6,9,13,11,16,7,14,22,191,29,19,17,14,67,6,15,10,9,6,36,53,10,14,8,19,7,14,10,14,18,358,46,7,30,30,9,6,10,8,8,17,7,25,7,7,80,6,16,8,10,15,26,7,11,24,27,12,10,7,11,14,19,7,17,7,13,9,7,18,10,6,6,19,28,8,8,13,7,6,98,7,8,8,14,6,12,16,14,12,15,7,6,18,7,7,270,124,111,103,59,59,6,17,26,7,55,6,35,6,17,12,11,13,21,8,9,15,9,8,22,6,23,63,202,18,27,36,6,248,18,88,248,7,7,9,20,10,9,11,68,6,8,14,17,12,8,8,9,111,6,12,14,160,14,126,7,6,12,7,8,8,7,6,6,6,7,7,8,35,6,11,30,117,15,25,7,78,29,318,71,27,8,12,11,129,227,89,13,21,7,202,8,51,19,130,114,12,92,6,15,14,17,9,9,8,17,19,174,566,25,7,7,6,7,7,8,11,132,8,13,6,9,9,8,6,8,10,9,7,16,13,7,39,38,15,318,7,7,20,6,6,6,6,7,71,8,507,5,6,7,38,14,6,42,35,20,6,6,17,31,6,14,7,36,36,33,6,8,6,18,15,89,36,11,48,248,8,6,7,12,24,12,31,6,7,15,10,44,27,7,20,6,6,52,54,62,53,18,60,54,51,52,7,9,61,487,7,76,6,6,41,8,274,22,6,7,38,41,88,41,8,36,36,199,9,7,50,108,19,285,10,153,14,17,28,14,71,7,18,26,6,9,12,15,21,9,25,12,9,10,9,9,6,7,14,6,7,7,7,6,10,7,11,11,9,17,6,233,6,9,12,8,8,8,12,12,8,11,11,28,14,6,14,7,7,7,8,24,8,6,252,18,10,21,469,34,7,13,7,28,12,11,6,30,29,8,176,20,12,82,22,43,22,9,8,10,15,14,41,111,16,79,160,284,16,255,15,7,26,11,19,8,23,6,12,6,17,13,6,15,8,7,40,20,7,18,8,7,6,23,22,16,20,17,21,20,12,11,12,12,10,15,6,6,6,9,8,21,8,8,14,8,13,14,16,23,14,7,13,7,21,14,10,16,9,10,15,13,7,13,8,6,9,9,9,9,10,28,30,20,20,19,74,19,7,6,8,8,6,8,8,6,8,8,6,6,8,7,8,6,6,8,8,6,6,8,16,6,42,83,24,6,47,17,35,42,63,11,33,6,78,6,78,36,105,10,6,11,106,42,105,6,7,9,16,109,6,11,42,6,79,12,6,105,6,106,106,106,105,68,7,79,100,6,6,42,96,110,6,9,100,30,7,98,100,36,39,7,6,60,340,11,7,92,15,32,39,39,27,7,33,42,26,42,37,22,23,42,11,217,26,15,26,112,9,6,193,10,107,85,7,32,9,15,7,152,24,6,18,15,7,27,30,13,6,29,7,6,19,12,7,8,15,12,7,6,8,9,7,16,6,8,9,12,15,42,8,6,43,19,9,7,21,16,7,8,9,53,13,8,7,7,26,6,19,8,31,33,31,8,6,7,6,9,6,8,16,37,7,182,12,7,9,26,7,7,28,9,27,7,6,13,6,12,6,6,98,16,6,7,6,7,14,6,32,7,6,33,8,30,11,16,17,6,34,15,46,8,9,7,8,34,7,17,7,8,8,8,8,32,10,12,13,42,14,7,6,18,15,10,6,8,6,28,13,6,6,8,8,8,6,16,8,9,6,8,159,24,129,7,210,7,10,9,13,12,17,13,16,37,8,8,7,140,22,10,7,13,15,6,7,7,7,5,8,7,6,6,6,6,16,41,53,222,7,24,22,6,23,215,9,94,43,6,19,14,10,18,17,13,6,38,11,6,6,24,15,6,28,13,42,10,14,8,19,13,9,10,7,8,26,43,6,7,10,6,231,20,12,31,12,35,126,33,34,38,63,7,7,10,15,18,6,551,54,58,53,49,6,10,66,6,20,24,26,9,14,59,8,6,53,10,287,81,22,6,119,8,7,75,27,202,6,7,7,34,5,32,18,18,20,6,6,7,6,6,7,6,6,7,7,16,6,7,6,7,6,40,7,12,153,9,16,67,5,5,6,41,6,5,17,13,7,7,10,10,11,9,11,10,12,8,5,14,61,31,37,37,7,11,31,13,43,30,127,6,31,804,6,6,8,218,151,10,11,9,10,197,7,124,7,32,7,15,7,39,37,7,19,13,100,142,14,6,30,129,39,6,11,19,17,40,17,6,12,201,15,18,12,11,7,25,17,9,13,23,16,39,8,1764,7,238,238,9,18,6,13,6,9,6,6,6,6,6,6,6,10,9,72,8,15,8,259,6,22,35,125,22,34,6,48,61,15,15,455,14,9,14,7,14,12,6,6,7,9,8,8,7,7,7,7,20,21,17,1403,13,86,155,20,6,18,23,220,19,66,49,6,137,23,14,9,21,6,15,16,6,16,18,7,6,21,25,16,16,18,6,21,25,16,16,18,21,25,16,16,18,21,25,16,16,18,21,25,16,16,18,21,25,16,16,18,13,18,18,17,16,18,13,186,7,17,16,18,20,7,17,16,18,17,9,11,16,191,11,11,7,8,8,78,8,8,16,10,10,14,40,10,6,10,201,24,33,23,278,8,8,278,8,8,13,8,78,6,8,6,8,7,25,75,7,17,5,7,20,6,8,261,7,8,75,13,224,8,22,203,15,9,201,15,11,11,7,22,24,24,6,10,8,14,13,7,59,43,6,8,32,8,6,16,6,8,10,8,31,16,8,8,29,12,10,13,6,19,6,14,13,6,14,6,8,16,6,6,17,6,117,10,11,15,6,8,8,6,6,6,9,28,14,7,12,14,917,12,227,8,336,124,18,17,9,7,148,148,17,17,20,17,205,12,6,7,5,9,8,7,6,15,20,20,9,9,20,10,7,6,3254,24,0,32,12,19,10,13,194,13,9,11,6,11,21,5,167,116,6,9,6,32,32,32,32,174,14,1145,6,10,10,13,43,12,7,7,14,15,31,23,253,9,23,26,150,3,7,12,9,69,9,65,286,14,21,7,28,21,12,12,12,28,12,28,12,21,28,21,28,21,12,12,21,17,7,0,7,7,15,7,13,25,212,8,473,6,283,6,140,169,9,6,11,8,14,7,76,7,7,141,119,6,12,6,8,34,8,12,8,12,8,8,65,8,6,1635,33,6,9,7,30,33,6,6,6,6,7,15,6,6,6,6,7,8,6,7,7,10,6,13,8,8,8,7,22,7,17,9,18,20,7,11,6,6,7,7,10,12,6,9,6,10,13,7,10,7,9,6,57,6,59,6,6,7,9,10,6,6,8,6,14,45,2680,46,36,13,11,497,6,6,125,15,16,12,13,13,265,10,9,21,7,34,7,20,20,6,15,10,7,18,6,8,15,16,93,6,20,14,14,6,12,8,17,16,16,294,184,33,7,9,13,384,24,10,62,10,128,6,42,7,9,46,41,126,7,28,9,6,6,731,158,33,6,6,11,6,18,335,227,16,18,8,7,30,5,8,18,5,32,245,35,1004,38,61,28,27,60,54,20,7,8,9,19,14,51,9,6,24,7,83,6,10,235,70,7,4,9,50,14,20,6,77,5,13,8,6,6,7,12,54,16,18,31,12,11,654,12,18,28,17,11,6,141,6,25,98,20,7,9,9,9,285,9,6,25,224,22,63,15,4,9,62,109,100,6,63,13,131,83,82,7,125,110,119,116,6,114,33,123,80,80,7,61,80,58,78,115,83,80,100,110,62,36,78,100,82,80,84,37,36,81,84,6,36,115,7,9,13,6,11,198,80,7,135,6,135,7,6,11,21,70,7,78,67,36,131,83,108,8,124,61,80,119,53,38,117,108,8,115,9,115,109,115,115,106,9,161,6,191,10,6,11,2,90,6,107,169,6,7,7,8,7,6,8,1234,1096,15,7,22,26,163,7,31,89,102,87,102,102,102,101,102,100,13,12,363,6,25,20,53,26,12,27,65,7,77,99,16,6,15,10,0,6,7,12,8,15,10,8,7,35,7,9,20,6,121,8,137,6,34,13,7,14,26,6,10,7,21,7,12,10,6,294,327,7,70,7,20,7,7,137,86,7,86,83,6,14,23,22,6,6,9,8,6,8,9,9,6,16,8,7,12,6,21,7,7,7,11,12,7,7,9,6,151,29,11,107,7,7,6,7,8,56,56,33,65,24,13,6,6,9,7,147,12,11,10,35,7,6,6,7,19,13,125,17,7,11,9,13,216,6,11,15,45,108,8,8,7,7,11,6,6,54,9,8,7,6,1392,112,22,6,8,7,22,6,7,20,7,6,9,26,16,14,11,6,23,6,10,13,121,233,180,7,8,17,7,177,7,31,125,14,6,107,20,89,13,10,91,15,6,9,418,7,10,6,10,17,11,19,6,188,6,28,10,7,6,12,7,66,13,378,151,7,6,27,15,15,7,6,64,67,11,22,6,36,14,8,9,6,190,7,133,20,463,11,26,23,21,17,26,65,60,60,66,7,6,15,52,7,6,7,116,11,10,12,21,6,9,12,8,9,17,139,12,10,11,11,47,6,311,250,67,11,6,191,6,71,12,16,17,6,6,14,10,9,7,10,8,0,14,8,6,52,53,53,60,7,63,59,7,44,6,11,21,7,7,15,6,7,25,24,6,22,21,12,442,6,20,7,6,7,70,119,8,8,18,87,10,6,7,18,19,6,15,7,9,251,9,6,22,21,22,6,8,19,252,36,53,14,19,14,14,487,32,7,33,9,10,18,6,130,7,104,6,13,10,6,9,18,6,17,7,14,16,14,14,117,111,103,105,102,241,7,12,12,9,297,24,200,27,248,248,6,9,14,6,100,6,58,10,6,6,6,92,6,159,14,213,7,6,12,7,12,12,6,6,7,7,35,219,7,6,202,84,16,15,8,7,8,8,12,11,236,12,200,7,59,8,8,130,114,14,7,8,27,6,7,9,11,92,7,22,12,26,6,40,11,9,7,8,7,9,8,8,11,632,7,255,15,447,8,20,6,6,18,42,8,507,5,42,12,38,22,42,35,26,22,17,31,6,6,8,18,8,6,47,89,248,6,8,8,12,24,12,31,6,121,8,6,19,10,21,27,7,19,6,19,6,52,53,52,52,53,39,7,69,7,50,54,6,9,45,482,6,7,6,6,41,8,206,275,6,38,36,201,9,50,103,19,297,20,6,17,28,139,30,13,17,26,9,12,25,18,13,7,6,9,7,6,9,21,9,14,9,9,9,17,7,6,15,10,10,11,7,12,25,17,6,191,0,12,8,8,12,11,11,11,10,14,161,7,8,8,6,18,10,486,13,35,36,6,8,176,12,82,18,6,10,15,14,13,41,111,16,96,161,284,16,296,15,7,75,7,8,12,6,9,17,8,8,40,132,16,7,16,15,6,23,16,8,16,11,7,21,9,16,9,8,6,12,9,6,12,8,7,8,13,6,15,7,7,7,13,8,7,15,6,16,9,16,12,6,10,6,9,13,6,30,20,20,19,71,18,7,6,6,8,8,6,8,12,6,8,7,6,6,8,8,6,8,8,16,6,8,105,103,48,11,105,112,6,6,116,6,105,116,106,106,7,42,9,22,91,59,36,6,110,110,113,109,6,7,30,7,22,22,7,6,7,14,6,57,41,51,868,11,7,350,76,39,39,39,7,33,42,35,37,24,11,302,27,20,20,85,7,24,7,6,8,7,54,9,6,6,7,10,8,84,7,31,13,109,19,6,7,9,8,8,15,104,7,48,23,38,6,46,7,8,65,9,12,6,7,6,7,6,6,43,19,9,152,8,9,16,7,8,7,7,10,6,8,8,15,27,15,7,26,6,18,7,61,47,8,32,29,7,17,47,28,25,6,7,9,11,6,15,16,6,7,11,6,32,33,8,16,10,10,8,6,16,21,8,9,7,8,10,7,38,8,8,33,9,8,9,8,28,13,6,34,6,7,9,7,8,9,6,8,159,24,124,8,225,7,17,9,10,22,36,12,7,22,86,10,7,16,10,19,6,7,7,5,34,6,6,16,41,53,582,7,25,6,23,9,94,12,10,7,9,18,22,16,8,9,8,13,6,23,8,15,6,8,11,10,6,9,249,42,7,7,6,22,10,8,43,6,20,6,6,230,20,12,31,12,105,126,185,20,85,6,984,15,18,6,503,229,39,59,6,50,50,14,70,6,20,24,26,9,14,9,6,53,8,336,8,10,63,7,7,143,84,202,7,7,34,5,32,32,7,6,6,7,6,7,7,16,6,7,42,10,8,156,29,5,5,41,6,13,7,13,11,8,11,10,11,8,10,10,8,5,14,203,37,37,10,31,13,63,388,6,41,151,10,21,16,12,7,124,7,31,7,39,38,19,13,92,85,39,6,11,17,17,30,6,251,25,323,74,9,13,23,7,152,168,168,231,536,9,137,6,13,6,6,10,93,8,244,18,7,323,22,119,11,15,287,14,14,7,8,7,7,21,17,168,13,101,336,20,18,17,16,182,50,6,211,23,14,9,21,15,16,6,15,18,21,25,16,16,18,21,25,16,16,18,21,25,16,16,18,21,25,16,16,18,21,25,16,16,18,21,25,16,16,18,13,20,18,17,16,18,20,7,17,16,18,18,7,17,16,18,17,7,11,230,11,11,8,78,41,27,10,652,25,7,29,8,8,8,8,13,90,8,7,23,75,7,17,5,6,53,7,8,14,6,8,7,8,27,13,224,6,12,202,12,8,12,8,9,60,9,53,
13,17,8,12,12,9,14,8,8,8,14,13,7,14,10,15,17,9,14,15,7,16,14,8,97,16,97,17,7,7,16,14,10,8,42,87,23,8,43,44,10,61,10,21,11,7,15,8,97,15,97,37,44,15,44,18,38,10,89,8,10,21,20,15,10,3747,13,8,61,55,11,8,61,47,71,58,13,9,51,46,58,11,14,12,10,12,12,10,12,16,32,10,9,11,11,8,8,15,14,8,13,15,15,7,10,21,33,44,40,20,16,8,8,8,26,14,54,23,8,26,14,54,23,8,26,14,7,25,10,7,143,499,15,7,9,23,13,17,14,20,14,8,8,7,7,19,16,18,15,8,10,30,14,7,10,7,10,7,10,7,10,7,36,7,36,7,36,7,36,7,36,36,36,36,36,36,36,36,36,36,36,36,10,8,7,10,7,30,7,9,8,10,11,18,8,9,16,16,50,10,17,13,13,9,10,13,9,8,10,19,15,20,10,10,15,18,22,9,16,9,7,8,33,18,9,16,185,6,7,8,10,9,7,22,44,42,7,6,7,42,42,7,7,7,7,7,42,42,6,42,6,42,13,13,14,13,14,9,15,7,13,13,9,13,7,16,15,12,8,16,8,8,15,8,17,8,17,8,17,17,7,7,15,8,12,29,71,12,16,11,19,15,7,28,19,16,9,17,7,10,8,36,12,11,10,8,7,25,11,8,10,17,36,7,8,74,74,10,18,21,16,83,8,22,12,7,22,13,22,29,22,13,7,22,29,22,13,7,22,13,7,22,13,22,29,7,22,7,22,22,8,29,15,10,15,7,42,14,16,11,14,21,7,7,21,20,17,9,14,15,14,13,14,12,16,12,19,15,14,18,16,13,17,22,7,18,11,7,9,14,25,12,30,13,11,7,8,28,10,8,7,16,8,9,30,8,12,35,18,8,9,9,18,8,9,15,8,14,18,8,9,10,9,13,22,19,8,7,11,8,8,8,11,11,17,9,9,12,9,23,19,7,11,8,10,11,7,12,20,9,22,10,18,10,20,8,14,8,14,8,10,12,15,9,16,18,7,13,7,17,18,7,7,8,7,8,11,8,7,7,7,14,39,29,19,7,7,17,28,8,13,17,12,7,11,13,20,8,8,18,7,8,27,7,16,8,13,10,11,7,23,11,7,22,8,7,10,8,8,23,9,16,14,121,7,11,7,7,13,7,14,7,11,7,9,7,13,7,77,34,7,7,8,20,7,7,11,11,37,8,14,7,27,7,10,7,24,31,7,7,7,7,13,7,7,16,7,10,7,17,17,9,10,9,12,10,8,40,18,18,14,18,8,7,14,10,8,8,22,6,13,14,5,17,22,42,20,19,42,42,7,22,31,32,21,19,7,7,9,8,7,9,18,18,9,32,18,13,10,7,7,26,11,13,13,19,17,12,9,26,39,30,17,40,22,58,8,7,34,8,37,7,26,80,7,8,35,80,24,16,12,14,12,8,9,16,11,17,23,13,15,11,15,15,7,21,14,8,7,21,13,10,7,7,21,16,7,20,8,32,21,7,7,20,48,8,17,24,9,8,7,34,8,17,32,13,23,8,7,16,8,13,23,8,8,12,19,21,9,32,7,16,7,8,8,21,21,8,7,32,8,17,9,17,17,22,7,17,17,7,16,10,15,7,21,23,12,7,21,23,30,9,57,12,9,9,22,11,10,9,13,9,7,9,58,11,104,9,15,11,7,8,8,7,7,8,22,9,7,13,27,8,19,23,45,31,6,7,31,7,19,8,175,7,16,17,9,15,9,13,13,9,13,13,9,7,21,28,8,14,92,118,112,112,88,12,10,17,15,23,7,10,10,8,14,17,7,9,7,16,24,10,7,18,7,7,27,8,8,10,8,9,10,10,8,9,9,21,14,7,55,7,14,11,23,17,10,16,7,7,7,21,12,52,21,18,18,7,24,8,13,33,15,9,9,204,34,8,17,11,8,42,8,15,13,27,6,78,7,9,88,9,106,7,8,7,92,103,7,8,7,27,7,23,8,9,10,11,7,13,36,26,24,9,31,8,31,28,18,9,9,8,18,10,24,35,13,7,9,7,106,7,7,8,7,163,9,32,12,7,43,43,7,8,15,9,9,17,14,9,14,9,38,10,12,9,10,12,10,7,8,8,11,7,11,8,14,9,7,21,9,17,43,43,6,9,9,8,15,9,9,34,29,9,20,9,10,6,9,10,5,7,17,6,44,9,9,13,12,12,7,7,12,14,16,26,7,11,11,10,11,10,47,10,7,23,10,10,10,18,28,45,11,29,6,12,22,15,10,15,32,7,15,12,16,7,16,7,9,8,8,8,12,15,8,16,8,95,90,139,90,18,9,18,23,7,43,11,18,52,9,7,13,8,19,8,8,7,8,8,23,13,8,7,19,13,8,7,25,7,8,7,23,16,7,7,70,7,10,24,27,7,46,8,7,72,9,9,38,25,7,12,27,7,24,15,15,10,9,19,7,54,11,51,9,19,7,19,7,7,8,56,28,16,20,8,9,21,6,47,12,9,14,7,7,7,11,15,8,13,8,12,18,7,9,7,8,18,493,8,7,12,25,13,19,26,9,8,15,32,7,7,11,7,12,9,25,14,23,12,136,25,9,18,7,30,7,15,15,8,14,14,14,15,8,7,10,31,7,15,16,16,18,36,0,239,13,15,9,13,13,13,11,7,26,14,18,16,9,8,9,8,8,9,27,9,15,8,9,4,15,15,9,8,7,8,9,13,9,22,7,8,40,9,10,8,12,23,11,6,159,9,9,15,9,70,16,7,55,9,7,79,115,111,80,115,111,11,17,7,85,34,115,100,7,42,115,84,114,83,84,117,86,82,82,12,107,126,109,84,80,17,7,117,34,80,80,117,120,8,62,83,81,101,100,85,120,110,82,105,102,102,109,78,84,101,120,102,94,114,85,85,36,94,103,85,85,37,102,85,80,80,85,116,12,114,59,114,12,61,116,116,12,8,20,10,8,42,94,57,117,8,32,12,16,114,82,109,77,61,80,115,61,78,12,85,109,79,55,85,87,108,117,105,115,94,83,54,136,83,136,109,136,94,121,136,117,95,9,68,85,85,76,103,127,103,85,102,128,102,107,101,101,117,54,42,117,55,43,114,76,69,85,55,110,55,55,110,110,55,116,116,116,116,39,116,116,10,24,7,12,10,11,14,9,11,11,14,11,34,8,11,12,15,23,11,8,9,8,7,8,13,25,29,19,8,8,23,52,23,141,13,17,12,7,9,11,7,11,8,12,11,8,8,15,13,15,8,10,7,10,8,10,7,19,8,8,13,16,8,8,8,103,104,103,103,109,103,102,103,103,102,103,7,13,10,12,10,103,11,7,8,11,22,13,9,9,8,78,100,99,98,97,63,84,100,16,8,10,9,10,16,21,9,9,13,11,10,16,19,8,9,8,7,7,15,15,10,10,17,13,16,8,9,11,9,14,7,8,10,25,22,7,23,26,27,15,15,14,87,42,14,87,7,9,7,8,9,13,13,7,15,14,15,13,16,8,14,8,13,30,30,29,86,151,36,28,8,38,19,38,20,9,9,7,9,8,11,12,10,14,8,10,12,11,23,8,8,15,9,17,15,10,11,16,8,12,8,18,11,7,8,16,10,13,8,8,8,9,14,13,7,13,14,8,28,7,11,8,16,7,12,12,16,22,9,12,11,7,18,23,8,11,10,10,7,14,14,19,17,9,12,18,9,62,30,90,10,9,45,8,9,8,18,8,14,28,8,12,16,16,7,7,15,8,9,23,10,24,8,13,9,15,9,13,11,7,7,16,19,13,15,24,7,12,14,8,7,18,7,13,14,10,10,14,14,16,18,15,8,9,9,12,6,9,7,11,9,16,12,9,14,7,12,7,7,9,20,18,24,46,30,11,8,40,66,19,64,67,79,67,64,8,61,7,68,7,11,9,9,16,25,55,74,48,75,13,7,10,12,11,14,10,8,10,14,9,12,38,22,10,8,7,8,7,28,13,45,8,8,19,26,19,10,7,17,8,7,16,8,14,121,6,26,8,23,7,16,12,13,6,12,11,8,14,19,20,8,22,15,10,9,12,12,22,9,15,9,13,7,11,80,25,10,7,8,8,45,7,9,9,17,20,18,7,176,25,8,17,16,11,7,7,29,8,12,8,7,51,15,16,11,7,12,12,7,7,11,17,7,7,8,12,8,16,7,8,9,54,57,7,10,62,54,53,62,52,62,63,56,54,8,16,11,10,19,75,17,56,11,7,12,11,6,17,7,19,17,6,42,22,10,29,25,16,8,10,23,8,17,13,7,39,7,17,23,9,89,9,17,7,9,43,20,18,7,90,8,22,8,22,9,12,9,11,250,8,13,25,12,12,26,9,7,14,7,38,7,38,12,13,10,7,13,7,12,15,15,8,15,8,7,13,12,8,14,10,13,13,7,5,39,9,8,19,13,7,7,12,10,9,7,9,18,9,50,44,13,7,12,13,15,20,9,16,33,16,7,8,9,12,83,7,11,11,10,7,12,8,7,12,7,7,53,7,7,13,14,11,7,386,8,16,9,13,13,8,34,12,17,21,47,9,22,24,9,7,14,9,7,15,12,7,38,16,24,22,8,7,8,14,8,13,8,8,33,44,9,18,12,10,9,15,15,15,15,9,12,12,14,8,20,11,10,7,7,12,19,8,7,7,7,11,8,15,10,8,14,15,9,6,15,15,9,9,31,9,31,9,31,8,9,42,9,9,10,22,23,7,7,40,7,7,15,15,7,26,15,9,9,7,10,17,7,7,23,12,12,8,19,17,18,16,19,121,38,18,82,10,19,7,10,9,7,8,18,12,10,19,70,15,16,9,23,20,11,8,10,20,39,16,8,7,10,13,15,7,16,25,8,8,32,124,118,108,40,83,82,29,12,16,8,15,13,12,17,12,167,22,8,22,7,7,13,8,10,7,33,20,21,7,13,13,7,24,68,19,7,39,9,9,27,21,25,7,7,13,9,7,63,7,7,11,7,10,8,8,8,8,7,11,7,17,9,17,11,19,35,7,7,7,20,8,8,7,7,8,12,11,21,21,7,17,30,62,7,72,8,7,8,22,16,11,8,10,18,29,14,14,10,21,52,34,18,10,15,15,8,13,9,15,15,15,15,10,15,10,7,97,15,7,7,8,7,7,32,17,20,7,20,8,98,9,19,23,7,10,8,11,11,9,14,8,20,13,28,10,16,9,19,7,7,80,24,13,18,11,8,14,11,17,10,9,38,48,20,7,31,16,11,18,8,10,17,8,48,11,7,31,15,8,10,8,8,14,34,31,8,7,8,7,21,15,8,9,29,17,11,14,18,10,9,10,8,7,15,8,7,13,8,7,424,9,8,18,29,11,20,11,13,10,8,8,7,17,11,14,15,322,6,47,7,33,33,7,7,8,7,8,31,17,36,33,9,7,7,25,18,31,7,15,31,7,17,12,15,6,31,39,11,21,8,21,10,22,15,28,44,19,18,9,7,8,9,6,9,9,7,40,14,34,17,34,19,14,7,17,30,15,7,15,28,19,45,93,9,11,7,8,7,8,25,7,7,20,9,15,14,9,24,7,9,7,30,23,8,7,17,18,16,7,17,20,28,18,6,45,45,45,7,17,7,5,7,17,45,22,15,10,8,12,6,56,12,18,16,7,16,7,56,26,7,11,9,10,10,17,25,26,16,14,11,16,18,9,7,53,53,53,53,7,54,54,54,53,53,61,55,54,8,11,59,7,7,10,11,16,90,37,18,78,9,15,11,12,6,22,9,14,19,7,17,22,9,19,6,89,11,17,8,11,7,42,8,35,31,24,7,8,250,21,98,7,7,30,9,16,7,8,10,30,35,10,39,10,11,14,14,15,9,23,28,9,7,9,7,0,23,10,18,8,7,40,22,16,11,8,189,10,18,29,14,14,15,8,15,15,18,11,21,73,15,9,40,165,9,10,15,9,20,121,10,19,8,12,9,16,12,14,10,13,15,72,7,12,10,7,7,14,7,21,8,37,21,11,7,18,13,11,11,31,9,16,19,9,15,15,15,15,15,9,15,7,8,8,7,15,28,11,14,8,15,9,8,21,9,8,8,15,23,25,9,8,21,42,53,26,71,99,99,99,9,64,41,8,53,25,24,7,7,110,7,9,17,9,13,9,16,21,8,13,20,19,8,9,21,15,6,43,8,31,28,25,18,9,8,8,18,22,39,13,94,12,7,7,23,7,7,7,105,7,23,37,8,17,15,20,33,25,10,21,80,23,9,17,7,31,7,23,11,8,9,7,12,7,7,17,14,18,8,7,15,7,13,13,48,91,7,8,76,119,123,121,50,9,16,9,11,9,12,8,24,9,122,38,15,23,15,39,16,58,8,8,14,12,7,9,11,9,13,7,13,8,7,10,9,11,12,12,19,9,18,11,7,7,17,9,64,17,15,7,9,19,8,13,12,9,8,33,115,7,8,55,7,7,8,8,12,10,19,10,17,9,17,9,21,21,22,24,17,31,15,12,22,15,20,13,13,9,16,17,26,16,17,11,16,92,30,45,12,18,7,8,7,9,7,7,16,11,13,39,21,82,25,17,7,9,8,35,7,30,18,12,21,13,16,11,13,12,22,15,16,21,16,21,9,8,9,10,13,7,9,17,7,249,17,20,8,13,17,8,7,10,20,20,9,8,22,9,39,23,10,10,11,7,8,8,15,9,16,18,17,8,15,16,9,7,12,7,9,57,9,25,7,15,15,15,15,13,15,15,13,8,13,15,15,15,15,8,13,15,15,15,15,15,15,15,15,10,10,110,9,19,48,9,11,46,7,40,7,44,7,7,106,7,43,7,8,9,7,44,7,9,10,12,8,10,11,47,47,8,42,106,7,101,7,103,44,11,39,99,18,43,80,99,67,7,33,8,80,46,63,9,7,12,68,17,110,46,7,107,7,41,7,46,61,81,7,107,62,108,105,108,106,106,43,106,67,7,39,7,8,7,8,7,46,65,7,7,111,70,67,100,110,111,92,35,7,49,8,7,39,24,8,9,9,14,11,11,9,11,9,32,12,94,7,19,31,27,156,9,7,28,20,9,46,47,28,9,21,7,9,23,23,28,13,10,14,9,41,8,20,8,15,30,8,23,8,84,8,58,53,8,8,25,25,8,11,7,17,17,16,85,8,15,42,9,9,30,7,11,22,8,18,44,8,27,28,86,86,60,33,25,20,22,13,8,8,80,62,33,37,16,16,8,8,84,84,8,10,9,72,9,7,24,7,8,7,17,32,9,8,84,16,9,7,48,8,23,31,8,10,14,7,35,8,156,35,8,10,8,17,17,10,36,28,54,7,7,15,7,84,37,8,150,29,13,17,97,15,48,16,32,19,7,9,15,9,7,13,11,7,8,12,14,12,9,9,27,20,10,21,19,8,38,7,8,70,9,11,8,13,43,43,9,9,9,31,9,31,9,31,24,45,18,8,25,14,6,7,8,33,16,31,9,7,17,8,11,28,50,7,13,11,33,18,10,19,16,10,11,9,15,15,15,9,10,9,11,8,7,13,8,7,8,20,11,22,15,33,14,33,33,33,11,93,10,25,7,13,7,24,9,13,40,10,10,9,8,9,18,18,14,18,13,18,11,10,16,11,9,19,9,7,38,10,9,8,7,7,14,11,7,17,11,21,16,18,30,29,8,20,30,7,43,17,16,7,118,8,9,29,7,46,39,10,8,18,17,9,25,9,13,10,14,8,18,7,19,10,8,22,16,11,8,11,10,9,15,8,7,8,7,8,11,7,8,7,15,7,7,7,31,6,7,17,7,17,11,7,7,18,8,7,8,10,17,9,40,5,9,13,6,39,26,7,33,16,8,7,17,33,7,9,23,7,15,11,7,17,11,14,17,10,10,12,10,7,24,180,12,7,8,9,8,7,14,8,18,14,15,9,13,7,8,13,29,79,39,17,7,7,7,7,17,112,18,15,8,21,19,8,13,19,11,11,10,15,8,9,8,9,10,20,7,13,13,10,7,8,7,13,18,39,8,10,26,7,21,11,9,9,7,7,7,45,9,19,11,13,7,9,7,34,30,14,7,11,8,32,17,8,8,12,9,40,9,7,9,12,13,16,17,13,12,7,16,16,14,90,9,44,20,13,7,37,24,24,15,17,24,21,14,15,9,24,14,9,7,9,17,9,9,7,8,9,13,13,8,15,9,14,8,7,53,53,10,28,11,10,85,7,23,23,21,45,8,31,63,10,7,7,10,10,15,7,8,25,34,8,7,17,27,12,7,8,9,8,79,22,11,22,85,8,9,7,17,20,8,7,8,18,19,9,14,19,8,17,8,22,15,9,19,11,7,14,15,43,14,8,17,27,7,7,6,23,31,15,19,20,17,15,42,16,42,17,15,24,28,9,19,24,17,8,42,10,12,16,42,14,12,42,17,43,13,8,11,9,18,13,18,42,15,40,20,12,9,10,31,12,11,7,18,42,15,19,9,10,12,31,11,9,8,13,10,25,22,10,9,8,7,7,19,7,29,32,9,6,21,36,23,35,6,6,35,31,6,21,7,19,42,42,7,42,15,17,7,11,8,53,7,20,7,15,17,9,26,32,11,9,31,14,9,13,7,14,32,13,32,14,12,12,10,31,7,14,9,12,10,32,13,32,32,32,5,8,31,38,7,9,8,10,32,9,9,31,15,8,32,10,9,9,8,32,38,31,14,9,12,37,32,10,12,8,33,14,16,12,8,20,19,22,42,7,6,7,42,7,11,13,94,11,8,24,8,9,25,15,14,10,12,8,7,10,8,7,9,13,8,18,9,7,56,23,8,18,17,33,27,18,12,8,7,10,18,17,8,9,17,16,14,19,7,13,9,9,7,20,27,17,163,7,7,43,7,8,10,23,25,7,7,16,12,9,15,11,12,13,9,23,34,31,15,7,15,21,69,9,8,98,28,17,86,7,24,16,10,8,14,10,23,15,9,12,9,8,8,15,15,15,15,9,25,20,29,9,18,17,13,18,8,8,10,16,20,29,17,9,1833,8,238,166,238,10,20,7,8,13,13,14,15,20,7,10,10,9,18,13,14,15,7,8,11,14,9,15,14,15,7,8,9,8,13,13,10,8,21,9,19,6,7,12,14,10,8,7,17,31,15,9,31,8,7,31,20,7,32,16,9,8,9,11,48,15,21,14,20,8,8,7,22,10,7,13,17,9,8,53,17,22,25,20,40,12,16,35,23,7,8,13,7,13,45,9,13,12,8,462,7,13,10,13,7,13,10,7,7,9,7,7,15,8,7,15,8,7,9,8,7,74,8,61,18,9,17,9,7,11,10,9,13,25,8,7,9,8,47,9,8,10,25,10,7,11,16,12,13,28,17,36,31,28,8,12,37,44,23,10,7,12,7,8,7,12,7,8,8,7,12,9,18,18,15,10,19,19,19,13,8,8,7,9,9,109,11,63,112,7,9,7,18,23,8,7,10,7,62,10,52,8,14,13,12,10,12,12,8,76,8,7,8,7,7,7,11,169,17,18,16,19,17,18,14,19,17,18,14,19,12,7,13,7,7,8,13,18,27,27,27,8,14,9,7,16,11,11,7,7,8,7,16,9,12,38,7,9,18,44,17,7,11,23,10,26,7,9,17,9,11,17,8,8,7,16,10,17,11,23,26,18,17,11,17,242,19,22,26,17,17,19,22,26,17,17,19,22,26,17,17,19,22,26,17,17,19,14,10,26,11,12,11,8,13,9,8,7,19,9,18,9,18,17,7,10,19,19,9,8,41,19,242,19,18,17,19,21,19,18,17,19,13,8,15,8,14,16,10,19,24,9,15,9,8,15,51,237,7,7,92,17,15,16,9,13,12,9,8,15,9,16,9,16,9,16,9,15,9,15,9,33,29,10,13,32,23,8,9,32,24,29,207,10,29,11,8,25,24,9,21,13,9,16,11,16,17,17,30,279,15,30,30,17,8,20,45,15,62,7,13,24,14,7,14,15,21,17,13,8,13,8,8,11,17,65,13,8,9,8,48,8,67,53,49,60,8,50,51,47,50,54,38,15,8,7,7,40,35,18,58,60,55,60,8,8,25,40,35,43,60,60,8,568,40,18,8,60,8,18,9,8,77,7,40,10,9,76,289,12,12,9,14,7,10,10,40,18,8,7,7,44,18,40,52,8,16,16,11,8,15,15,7,10,7,19,9,13,11,69,11,14,10,14,8,7,9,16,9,11,23,9,22,10,12,11,16,7,20,16,7,7,9,25,10,9,9,26,11,7,9,9,8,19,75,15,7,8,13,9,7,21,7,9,18,9,11,14,9,8,8,7,8,8,8,8,9,17,17,9,8,11,19,14,7,14,10,14,15,7,23,13,7,10,17,16,8,8,415,7,18,7,13,34,9,11,7,11,7,13,15,14,10,15,8,137,15,13,9,10,7,13,10,10,13,9,7,7,7,7,13,7,7,8,16,8,15,8,8,18,13,9,13,14,11,14,16,15,15,15,17,22,16,14,151,7,7,8,21,24,29,21,22,21,8,9,20,8,34,21,29,45,22,21,22,22,8,21,9,146,21,146,8,16,26,24,24,10,8,10,15,9,8,4722,16,14,15,18,9,9,12,8,7,8,13,82,8,1408,8,67,15,15,168,67,105,17,7,15,18,38,17,22,44,18,20,37,44,10,24,21,10,25,21,7,7,17,15,17,19,44,19,10,21,21,10,7,7,28,10,8,8,10,9,35,20,7,7,9,10,12,10,15,13,7,8,7,195,17,29,7,16,24,10,7,143,146,11,143,22,7,9,8,182,7,10,8,15,7,14,8,36,7,7,9,7,68,13,10,30,7,30,7,7,36,36,36,36,8,7,7,43,7,14,19,10,23,27,92,18,884,7,14,169,52,19,13,8,8,14,11,8,9,17,18,15,7,16,15,7,8,18,9,8,7,11,33,11,26,11,33,7,11,12,25,20,8,11,16,26,8,7,11,7,7,7,9,321,8,12,8,10,21,17,7,7,7,57,8,15,10,7,7,12,287,8,8,8,22,13,7,22,29,7,22,13,22,8,29,22,13,22,29,22,13,22,29,22,13,22,29,13,29,22,13,22,22,22,8,8,55,8,16,7,8,8,43,8,156,12,14,8,157,7,15,18,10,12,8,72,9,18,19,7,746,7,60,7,9,8,11,13,104,14,8,11,8,14,7,14,11,9,8,19,25,9,17,8,10,9,19,7,25,9,7,9,7,8,9,19,8,11,7,12,10,77,9,252,92,7,43,17,11,10,7,7,11,8,17,7,7,7,14,7,9,28,7,19,10,15,7,7,34,8,7,45,8,14,7,10,8,8,10,8,27,7,10,14,31,9,9,14,7,7,14,7,1934,35,7,7,9,26,7,7,8,11,31,8,10,7,33,31,14,7,11,7,8,15,7,8,7,7,14,498,14,7,7,14,9,7,10,139,9,7,28,203,8,9,16,13,20,17,7,13,10,17,37,9,8,7,21,21,8,48,24,9,50,21,14,14,275,13,9,8,17,11,7,11,7,8,11,14,23,8,21,8,14,19,23,7,22,7,16,27,9,21,16,16,7,8,21,21,8,36,34,8,32,24,17,17,7,11,1331,13,116,9,17,8,172,28,117,7,7,50,119,9,7,19,7,8,7,122,9,39,7,7,17,317,7,46,9,20,9,5,8,14,17,14,471,131,8,17,7,591,10,64,8,7,117,7,54,43,8,46,42,15,7,21,8,15,20,7,7,164,26,7,7,164,7,7,10,207,10,20,35,13,68,34,34,14,9,10,7,10,15,9,28,7,7,164,26,7,34,12,11,8,7,9,11,11,14,8,12,7,8,45,48,7,8,11,11,7,9,11,11,27,21,9,26,26,32,6,9,10,29,9,33,7,10,33,6,258,10,9,484,107,13,8,14,18,26,32,24,754,10,8,11,11,72,27,21,162,15,16,7,20,65,8,88,88,7,7,9,23,7,10,52,8,8,10,8,24,241,13,20,27,7,8,18,10,51,15,18,22,7,7,16,10,7,6,35,9,7,7,11,12,18,55,9,35,9,14,8,8,251,87,9,7,24,14,8,9,7,9,18,23,13,7,7,16,113,13,40,22,16,19,14,14,7,230,17,18,21,8,60,22,7,22,9,24,9,8,8,8,8,7,15,18,21,17,17,100,253,7,149,182,9,7,234,140,7,8,23,10,7,8,9,8,7,24,7,177,267,23,92,65,45,141,19,36,7,111,8,62,7,7,115,8,82,111,80,80,12,40,115,83,34,9,84,117,8,193,84,78,108,95,79,111,117,114,82,125,79,20,118,124,81,80,82,117,61,63,61,61,62,85,84,82,103,85,102,116,62,84,63,75,102,101,60,114,85,38,30,103,85,109,102,85,81,101,36,114,12,116,116,12,19,36,20,24,52,135,33,9,146,139,79,8,19,52,56,74,78,15,84,109,125,109,125,94,82,74,124,79,82,81,84,60,121,82,117,42,68,36,110,127,109,43,76,116,50,103,85,102,118,100,102,68,68,33,43,76,116,51,116,116,110,110,116,110,116,116,39,38,10,708,75,215,160,92,10,15,7,11,11,8,26,10,11,11,17,11,7,14,11,620,128,54,74,7,9,44,9,9,8,10,8,422,14,146,18,8,12,157,11,9,11,10,18,8,10,9,7,10,22,8,8,64,24,8,101,103,65,70,103,103,102,102,103,101,7,9,8,14,17,7,9,8,8,9,7,9,12,9,7,9,8,7,7,9,7,8,9,8,7,7,9,7,10,7,8,10,7,11,8,40,80,15,8,7,11,111,9,12,7,7,20,8,7,9,9,11,7,8,25,9,8,8,66,63,97,10,331,8,17,13,13,8,9,9,9,9,9,7,10,9,11,11,7,8,7,7,7,7,7,9,7,23,7,8,20,10,9,7,8,7,138,120,136,14,31,18,8,8,9,9,8,19,12,7,19,7,7,16,8,13,11,12,8,10,7,7,8,8,8,13,7,9,8,9,8,10,12,11,131,24,7,122,8,20,8,25,16,8,60,69,14,44,65,8,12,12,13,8,7,7,7,15,8,7,13,10,9,15,10,15,7,10,11,9,10,9,9,10,13,7,18,7,10,8,21,8,7,18,7,8,8,8,14,8,13,60,7,17,8,35,29,29,8,61,26,19,7,80,20,8,43,11,8,81,7,10,118,9,11,126,145,8,17,12,10,9,12,8,14,9,9,8,22,19,25,12,7,125,10,19,12,103,15,9,8,9,121,7,17,8,15,11,10,110,7,18,13,8,8,18,16,8,158,12,9,8,16,7,8,7,7,8,63,27,7,114,10,8,7,7,9,14,15,10,19,12,30,8,8,7,17,12,17,77,15,7,8,22,11,13,30,8,17,9,9,20,13,25,7,8,21,19,20,66,10,9,78,7,8,7,7,8,28,12,8,7,465,7,108,9,18,9,7,103,9,7,15,10,100,15,7,20,12,120,120,25,11,8,8,15,10,12,8,9,22,13,35,7,11,248,22,17,7,10,7,8,25,7,7,8,18,23,7,9,162,20,16,257,15,9,11,7,122,30,42,7,11,16,8,145,23,7,9,208,8,34,7,11,7,8,9,8,13,7,14,119,128,20,8,8,9,13,7,20,24,27,20,22,27,30,15,18,15,16,27,72,15,7,7,67,80,7,8,7,68,68,9,61,17,7,8,7,17,8,49,49,20,116,8,9,7,13,9,7,9,9,8,7,12,113,7,7,11,9,10,9,14,7,7,7,9,10,55,19,21,10,17,10,39,0,7,7,9,15,16,10,16,135,7,7,23,8,7,8,9,293,8,64,54,8,12,12,17,8,8,12,7,12,11,14,9,50,7,10,11,87,8,11,7,11,84,39,9,156,7,19,30,7,23,35,13,10,9,22,9,7,7,7,9,7,9,12,16,7,30,26,7,55,53,53,59,62,56,62,65,54,8,7,9,13,7,8,8,7,8,7,7,10,14,8,25,8,17,7,7,30,22,13,69,1442,7,10,39,14,20,122,7,55,21,8,7,8,11,7,15,9,7,7,8,7,7,7,8,8,7,17,7,8,8,14,8,7,15,9,7,21,7,15,21,7,7,8,9,10,39,11,43,43,43,7,7,16,7,28,14,7,20,11,7,14,19,7,28,10,7,9,19,10,7,14,7,14,12,8,8,14,17,27,21,8,17,8,9,279,18,9,8,8,16,10,7,12,14,15,12,15,8,41,168,9,17,14,7,23,16,20,7,268,17,8,76,7,7,10,29,15,11,19,7,50,10,20,9,17,18,26,15,7,9,61,19,11,20,10,8,141,67,9,33,15,11,15,12,8,306,84,35,7,31,31,31,8,10,21,7,7,27,15,7,12,9,12,7,8,7,61,8,8,10,92,8,8,104,63,104,17,14,9,19,8,18,12,8,50,11,12,21,20,8,7,8,26,12,8,9,9,68,7,17,7,21,38,38,7,14,13,8,15,20,8,19,8,7,8,8,281,116,106,109,109,82,10,8,20,22,9,26,7,16,12,8,11,7,21,78,15,17,24,16,10,9,23,7,75,20,7,24,13,13,24,24,19,32,28,7,249,17,19,63,249,10,119,19,8,15,10,22,7,15,12,17,7,13,74,7,10,7,9,10,11,10,14,7,10,9,103,7,10,15,14,35,24,34,7,171,14,8,21,8,18,14,21,15,7,13,8,16,16,12,10,7,15,7,8,15,36,32,7,12,28,7,13,205,8,7,65,14,7,9,15,8,96,9,162,7,207,127,217,7,32,43,43,8,14,9,18,52,21,8,115,9,13,8,58,25,7,13,13,11,14,29,26,10,8,25,9,9,27,10,9,24,9,8,8,16,12,7,10,8,93,25,9,53,9,84,8,17,8,8,15,13,7,8,14,15,8,7,7,18,16,234,7,8,13,21,7,7,7,8,9,7,7,20,9,27,508,6,7,7,7,7,7,8,39,33,7,14,7,154,7,7,37,11,21,13,27,7,23,18,32,26,7,25,9,7,9,34,7,7,22,19,22,25,93,9,11,17,13,13,9,13,16,9,7,20,26,20,32,16,8,8,22,28,8,296,17,20,7,16,7,53,53,8,11,261,18,46,499,8,7,7,11,9,7,7,27,17,9,279,7,8,22,7,14,21,7,72,9,34,37,159,10,8,20,29,20,562,23,17,254,34,18,29,196,21,18,8,18,20,19,59,19,8,7,12,26,18,18,18,10,8,23,16,8,7,14,17,8,8,8,7,113,8,23,11,19,16,7,11,11,8,14,15,7,8,8,7,4,13,16,16,13,16,30,12,7,15,265,9,163,7,9,15,9,8,8,79,9,64,28,13,24,19,7,7,9,9,14,11,19,8,37,8,7,7,423,8,14,16,8,7,22,13,12,7,7,30,14,44,63,7,23,37,9,219,13,83,9,82,23,25,45,33,7,23,11,8,9,30,14,22,11,18,16,15,42,127,17,205,16,161,33,36,673,260,228,11,10,299,16,17,12,20,7,10,39,11,7,15,9,10,24,13,13,37,7,16,17,22,19,9,136,11,14,87,7,25,17,9,21,18,24,8,12,8,22,10,12,8,9,8,7,21,8,10,7,16,7,16,9,24,19,14,7,13,11,17,8,17,8,22,17,8,7,17,10,17,12,11,15,35,10,10,11,7,8,8,29,7,17,11,21,10,96,25,17,15,16,15,7,16,16,7,16,16,16,7,15,7,13,0,16,7,7,16,15,7,7,13,16,17,10,72,8,27,42,7,29,70,106,7,28,106,7,103,7,78,12,46,7,79,7,106,11,49,7,7,41,7,13,7,7,7,106,107,106,104,115,107,118,106,43,8,80,99,7,39,7,59,33,7,71,76,7,99,111,112,12,49,31,111,40,8,7,7,17,8,8,21,7,8,103,27,9,69,77,8,34,21,7,27,13,12,7,145,66,13,8,21,108,26,15,8,35,14,8,15,10,8,21,16,31,9,25,30,7,8,7,11,8,11,12,8,7,297,16,86,31,33,8,8,7,19,20,14,13,8,18,88,8,27,8,31,40,7,30,8,7,19,13,20,16,8,7,84,7,9,110,16,30,7,8,8,17,15,53,30,10,10,100,8,33,9,7,15,32,32,9,31,47,10,17,10,7,28,7,10,14,36,51,10,11,90,10,9,7,13,8,16,8,51,16,30,29,9,8,22,7,14,7,9,17,7,11,14,109,9,11,17,7,7,20,8,8,81,7,31,31,8,33,31,7,9,9,9,11,31,7,9,16,31,31,30,13,15,15,16,27,28,8,7,11,7,15,7,8,7,11,8,36,10,33,11,13,7,13,13,14,27,15,10,8,15,21,18,15,7,17,18,15,7,8,9,18,14,21,26,21,16,7,7,29,1089,23,25,202,17,11,210,8,32,8,11,11,19,17,15,13,15,13,15,7,11,15,8,15,7,14,7,11,14,21,8,17,13,7,8,8,17,11,7,7,6,47,31,7,11,9,11,17,14,22,15,7,187,22,8,8,25,23,7,15,7,10,10,95,44,7,7,44,11,20,8,12,17,11,7,17,11,8,10,10,7,11,9,8,10,18,14,10,10,8,10,7,11,7,9,11,22,8,7,237,8,9,32,13,129,48,8,163,8,8,66,21,37,21,14,9,8,11,16,7,15,7,9,21,40,199,16,7,7,10,73,7,23,45,11,9,27,10,15,10,23,7,7,16,8,89,10,42,7,79,23,30,142,111,349,11,7,8,26,23,7,65,9,14,8,34,10,39,8,197,12,7,12,61,8,7,19,6,33,7,7,9,8,13,16,7,7,14,9,7,62,8,60,7,10,8,8,17,7,8,7,41,7,11,8,31,20,7,8,12,9,31,7,8,9,11,23,7,141,10,30,68,7,6,9,17,7,42,7,10,18,10,13,8,0,11,10,31,13,13,8,32,13,32,7,31,13,10,16,7,10,32,10,32,7,32,14,9,12,8,12,31,9,11,9,7,8,32,14,10,44,7,64,9,7,402,7,42,9,8,1006,15,136,24,68,12,11,15,8,9,8,49,16,7,7,15,10,8,8,15,7,14,19,7,8,17,25,111,636,16,8,11,10,14,8,11,129,11,7,15,21,10,8,27,12,24,11,98,15,10,7,11,25,8,8,48,19,15,18,43,7,20,12,11,17,7,13,16,8,26,26,8,26,18,10,16,24,60,8,22,24,172,156,166,78,10,14,7,14,17,8,16,25,7,8,7,7,22,19,8,18,8,8,10,73,10,7,9,31,34,8,31,16,11,11,97,12,242,28,72,10,16,56,11,24,8,16,62,13,74,18,16,8,15,10,484,15,8,7,15,9,7,35,20,8,15,8,0,9,8,9,32,18,12,22,18,14,7,85,212,17,217,12,21,12,16,225,17,13,71,7,8,128,215,24,15,14,7,11,8,16,17,7,17,19,22,26,17,17,19,22,26,17,17,19,22,26,17,17,19,22,26,17,17,19,22,26,17,17,19,22,26,17,17,19,14,19,19,18,17,19,14,86,19,18,17,19,21,19,18,17,19,18,10,8,9,10,16,213,12,8,103,8,17,9,15,65,7,8,9,16,9,16,17,19,19,16,12,14,9,8,207,9,8,8,16,279,9,14,11,16,9,17,9,9,35,7,9,7,1458,10,21,56,8,281,8,18,9,9,7,8,58,60,8,24,7,27,473,8,9,8,77,7,10,9,76,14,234,12,9,16,17,162,10,215,7,14,8,24,12,9,7,9,7,8,28,8,8,14,13,21,14,307,7,205,9,7,15,7,9,11,28,8,17,7,14,8,10,40,9,19,9,7,17,19,9,30,7,14,7,13,20,14,7,14,15,7,7,21,24,7,16,7,8,10,7,9,7,7,8,8,9,7,9,7,11,8,21,397,11,24,8,11,7,20,9,7,11,12,7,7,172,7,7,7,10,17,15,8,26,15,8,45,8,13,27,14,18,897,7,229,9,7,320,32,21,7,18,39,8,149,146,144,21,24,24,10,191,7,7,4307,7,13,8,9,18,8,7,8,21,21,20,7,8,21,23,10,21,10,11,18,7,3831,28,4,33,10,9,20,9,10,15,8,12,12,181,61,47,16,26,10,12,483,22,11,186,136,33,125,7,10,7,36,36,21,36,151,14,13,12,18,1064,9,11,14,8,13,11,8,8,13,56,18,15,16,7,14,32,7,30,20,22,7,8,13,28,7,17,256,10,12,8,13,7,8,58,101,66,7,21,143,8,14,8,22,22,13,22,8,13,13,13,29,13,13,22,13,22,29,22,13,22,29,29,105,17,13,13,8,8,87,71,8,17,7,12,11,8,14,26,49,8,8,18,7,163,19,7,233,24,7,10,27,8,8,23,11,16,8,16,7,0,7,17,9,16,29,8,11,77,9,158,92,7,10,21,7,16,8,12,7,19,7,88,130,35,7,7,8,8,13,13,10,31,9,64,11,7,14,7,190,1868,25,8,15,18,25,7,7,9,12,16,7,7,8,23,10,9,8,11,7,171,9,7,8,69,8,8,16,7,8,12,8,16,8,10,11,7,91,8,18,8,7,9,10,7,9,7,7,8,9,7,9,8,15,7,8,8,17,21,8,8,8,19,7,50,9,9,10,12,7,52,10,46,7,37,14,498,7,7,42,35,213,24,16,9,20,17,13,17,38,8,9,15,14,17,14,27,13,13,25,11,10,10,7,8,35,8,21,8,8,16,15,17,9,8,7,27,14,34,19,32,7,39,34,9,17,17,12,9,11,37,12,88,21,8,15,8,158,24,33,7,7,13,9,15,18,120,40,9,39,7,33,17,7,289,158,9,14,9,5,8,10,14,405,11,151,11,118,43,8,16,42,31,13,12,28,7,164,204,28,164,62,33,70,48,14,9,12,9,7,9,28,12,11,9,84,19,1238,7,82,7,29,12,9,26,21,14,7,32,9,32,6,9,10,10,33,17,258,10,79,354,107,18,28,44,32,24,9,11,19,90,55,21,15,16,17,20,65,8,126,7,11,22,52,53,25,8,25,8,13,84,7,7,11,240,1200,7,8,18,10,51,18,22,7,78,6,35,0,9,7,10,12,18,14,7,17,502,23,14,7,19,13,23,7,16,70,13,19,14,74,8,361,7,393,9,13,9,8,8,8,7,15,18,21,17,17,185,7,372,0,16,7,10,7,26,176,722,77,7,148,7,11,13,110,5,79,7,7,63,8,80,41,8,118,115,79,79,116,121,126,47,11,124,117,62,124,60,124,101,85,37,85,62,37,84,79,12,38,25,113,115,101,60,114,116,12,19,7,20,7,119,14,17,20,140,139,78,62,77,8,8,78,79,18,53,84,124,62,13,136,9,15,121,63,42,136,63,42,12,7,60,50,46,116,110,12,116,116,39,116,107,10,9,8,12,7,137,11,7,16,7,11,19,8,7,55,543,8,7,141,62,7,7,9,11,7,64,146,12,16,8,12,7,10,12,24,19,100,7,8,101,103,104,103,102,102,103,102,14,7,13,241,72,12,209,7,25,9,97,98,8,97,11,7,12,12,12,11,12,11,18,9,13,10,10,19,8,8,22,11,8,18,17,8,121,8,9,134,7,7,7,9,14,8,8,16,7,17,13,8,9,15,11,489,141,124,43,8,8,58,70,87,139,8,8,12,20,8,7,7,12,7,13,7,7,14,10,16,9,7,8,7,8,14,7,7,9,8,7,16,7,9,10,7,8,11,8,8,17,8,8,7,214,8,9,7,8,36,27,38,10,7,81,7,10,30,31,11,23,16,8,8,7,13,8,21,7,7,7,135,11,8,19,10,8,16,7,20,8,14,8,9,11,16,8,7,7,8,8,112,13,9,11,11,8,13,14,8,9,11,62,8,88,10,26,8,7,15,16,12,13,7,8,8,24,8,9,8,18,8,7,7,11,8,20,12,31,9,25,12,9,18,24,8,25,25,8,1942,19,47,48,9,134,7,107,7,104,27,7,12,7,12,15,17,237,129,141,26,33,7,8,94,10,29,7,10,8,9,11,138,162,13,15,11,7,8,7,45,8,9,8,7,7,7,14,751,120,14,43,14,7,13,9,13,7,48,18,7,16,16,14,7,8,10,661,44,8,8,13,7,22,13,7,36,22,28,11,7,15,19,12,15,17,13,29,82,7,7,7,7,9,61,7,8,0,51,8,118,8,12,7,9,7,8,10,18,13,16,9,9,7,13,9,7,0,20,10,14,19,7,7,14,7,8,22,7,266,8,32,108,12,14,12,12,7,8,14,7,11,190,8,11,7,33,23,14,17,8,7,7,7,19,94,9,53,7,54,54,65,59,55,54,8,7,8,61,8,1045,7,14,8,14,25,85,7,7,30,22,13,681,9,124,7,9,43,8,9,7,7,8,7,8,8,17,10,8,7,8,21,16,15,39,15,23,10,7,25,22,7,22,7,15,13,20,9,17,12,7,12,7,8,8,7,17,7,8,17,15,25,23,7,17,14,12,18,8,15,23,192,30,20,18,17,78,7,20,12,17,7,37,61,18,15,9,20,8,15,11,15,359,47,8,31,31,10,7,11,9,9,31,8,26,8,8,81,7,17,9,11,16,27,8,12,25,29,13,11,8,12,23,20,8,18,8,14,10,8,11,7,7,20,29,9,9,14,8,7,106,8,9,9,15,7,13,15,13,16,8,7,26,8,8,281,130,112,104,81,81,7,18,27,8,56,7,36,7,18,13,12,22,22,9,10,16,10,9,23,7,24,64,273,19,28,39,7,249,19,89,249,63,8,10,21,11,10,12,69,7,9,15,18,13,9,11,10,112,7,13,15,161,34,127,15,7,13,8,16,21,8,7,7,7,8,15,36,7,12,32,118,16,26,8,79,319,72,9,130,266,90,14,22,14,203,9,52,20,115,13,93,7,16,29,18,10,10,9,18,20,175,574,26,8,15,7,8,8,9,12,133,9,14,7,10,10,9,7,9,11,17,8,17,14,8,40,39,16,319,8,8,21,7,7,7,7,72,9,508,6,7,8,39,15,7,43,36,21,7,7,18,32,7,15,15,37,37,34,7,9,7,19,25,93,39,12,49,249,9,7,8,20,25,20,32,11,8,16,11,45,28,8,21,7,7,53,56,63,54,19,61,55,52,53,8,18,62,504,8,77,7,7,42,9,278,25,7,8,39,42,89,42,9,37,37,200,10,8,51,112,20,286,11,270,34,18,29,15,72,8,19,27,7,10,13,18,22,20,26,13,16,11,16,10,7,8,17,7,8,8,8,7,11,14,12,12,10,18,7,7,13,16,16,13,13,30,29,15,7,15,8,8,8,9,26,9,7,19,54,22,470,35,8,14,8,29,13,12,7,31,43,9,177,21,13,83,23,44,23,10,9,11,16,15,42,112,17,80,161,285,17,256,16,8,12,20,11,24,7,13,7,18,14,7,16,9,8,41,21,22,19,9,7,24,25,17,21,18,22,21,13,12,13,13,11,17,7,7,7,14,9,22,9,9,16,9,14,15,17,24,15,8,16,8,22,15,11,17,10,11,16,14,8,14,9,7,10,10,10,10,11,29,31,21,21,20,20,8,7,16,7,16,16,7,16,16,7,7,15,16,7,7,16,7,7,16,17,7,43,84,25,7,48,18,36,43,64,12,34,7,79,7,79,37,106,11,7,12,107,43,106,7,8,10,17,110,7,12,43,7,80,13,7,106,7,107,107,107,106,69,8,80,101,7,7,43,99,111,7,10,101,31,8,99,101,37,40,8,7,61,341,8,93,16,33,40,40,28,8,34,43,27,43,38,23,24,43,12,218,27,16,27,115,10,7,202,11,108,86,8,38,10,16,8,153,25,7,19,16,8,31,14,7,30,8,7,20,13,8,9,16,13,8,7,9,50,8,17,7,9,10,13,16,43,15,7,51,20,17,8,22,17,8,9,10,54,14,10,8,8,27,7,20,15,32,65,32,10,7,8,7,10,7,17,65,8,183,13,8,16,27,8,15,29,36,28,8,7,14,7,21,7,7,99,17,7,7,8,16,7,33,8,7,34,9,31,12,18,18,7,36,16,47,16,15,16,35,8,18,8,9,9,9,9,33,11,13,14,43,16,8,7,19,16,11,7,9,23,29,14,7,7,9,9,9,13,17,9,10,7,9,160,25,130,8,211,8,11,25,14,22,18,14,17,38,9,9,14,141,23,11,14,14,16,7,8,8,8,6,9,8,7,7,7,7,17,42,54,223,8,25,23,7,24,10,95,44,7,20,15,11,19,18,14,7,39,12,7,7,25,17,7,14,43,11,16,9,20,14,10,11,8,9,27,46,7,8,11,16,232,21,13,32,13,49,127,546,35,39,64,8,8,11,16,19,7,552,55,222,54,50,7,11,126,7,21,25,27,10,15,60,9,79,11,288,82,23,7,120,9,8,76,28,203,7,8,8,35,6,33,19,19,21,7,7,8,7,7,8,7,7,8,8,17,7,8,7,8,7,41,8,13,154,10,17,68,6,6,7,42,7,9,18,14,8,8,0,11,11,13,10,12,11,13,10,6,16,64,32,38,38,8,12,32,14,44,31,128,7,32,805,7,7,9,219,152,83,12,10,11,8,125,8,33,8,16,8,38,8,20,14,101,143,15,7,31,136,40,7,19,20,18,41,18,7,13,16,19,13,12,8,26,18,10,15,24,17,40,9,2058,8,239,239,10,19,7,14,7,13,7,7,7,7,8,7,7,10,73,9,16,11,260,7,23,36,126,23,35,7,49,62,16,16,456,15,10,15,8,15,20,7,7,8,10,16,9,8,8,8,8,21,22,18,14,87,156,554,7,19,25,221,20,67,50,7,138,24,15,10,22,7,16,17,7,17,19,8,7,22,26,17,17,19,7,22,26,17,17,19,22,26,17,17,19,22,26,17,17,19,22,26,17,17,19,22,26,17,17,19,14,19,19,18,17,19,14,330,19,18,17,19,550,19,18,17,19,18,10,12,17,192,119,8,342,16,79,9,10,17,11,11,15,41,11,7,11,202,25,34,31,279,9,9,279,9,9,14,9,79,7,9,7,9,8,26,76,8,18,9,8,24,7,9,262,8,9,76,14,225,9,23,205,16,10,202,16,12,12,18,29,25,25,7,11,9,16,14,8,60,44,7,17,33,9,7,17,7,9,11,32,17,9,9,30,13,11,14,7,20,7,15,15,7,15,7,9,18,7,7,18,7,118,11,12,7,9,9,7,7,7,10,29,15,8,14,18,918,13,228,9,337,125,19,18,10,8,149,149,18,18,21,24,13,7,8,7,10,9,8,7,16,21,21,10,10,21,11,8,7,3319,28,4,33,13,20,11,14,195,14,10,12,29,12,22,6,168,124,7,10,7,36,36,36,36,176,18,1146,7,11,11,14,44,13,8,8,15,16,32,24,254,16,27,159,151,12,8,13,70,70,10,66,287,15,22,8,29,22,13,13,13,29,13,29,13,22,29,22,29,22,13,13,22,8,8,8,40,16,8,14,26,213,9,474,7,284,7,141,170,0,7,12,9,15,8,77,15,8,142,7,16,7,11,35,10,13,9,13,9,9,66,9,7,1636,34,7,23,8,31,34,8,7,7,8,27,17,7,7,7,7,8,9,7,8,8,11,7,9,10,9,8,23,8,18,19,21,8,7,7,8,8,13,7,7,11,15,8,11,8,10,7,66,7,7,7,8,10,11,7,7,9,7,15,46,2681,47,37,14,12,498,7,7,132,16,17,13,14,14,266,11,10,22,8,35,8,21,22,23,17,13,8,19,7,9,17,17,94,7,21,15,18,7,13,9,21,18,17,295,185,34,8,10,14,388,25,12,63,11,129,7,43,8,10,42,8,29,10,7,7,732,159,34,7,7,12,7,19,587,228,18,19,9,8,31,17,9,21,6,33,258,36,1007,39,62,32,28,61,55,21,15,16,17,20,15,52,11,7,25,8,84,7,11,243,78,8,18,10,51,18,22,7,78,6,9,7,7,15,13,55,17,19,32,13,56,13,19,29,149,7,142,7,38,15,18,17,17,10,7,26,225,23,64,16,5,10,63,110,101,7,64,14,132,84,83,8,126,111,120,117,7,115,34,124,81,81,8,62,81,59,79,117,84,81,101,111,63,37,79,101,83,81,85,38,37,82,85,7,37,116,8,32,7,12,199,81,8,139,7,139,8,20,12,22,71,8,79,69,37,132,84,109,9,125,62,81,142,54,39,118,109,9,116,10,116,110,116,116,107,10,162,7,192,11,7,12,3,98,7,108,170,7,8,8,9,8,7,9,1235,1097,16,8,25,27,164,8,32,90,103,88,103,103,103,102,103,101,14,364,7,26,21,54,27,13,28,66,8,78,100,18,7,16,11,2,7,8,13,9,16,11,12,8,37,22,10,21,7,122,9,138,7,35,14,8,15,27,7,11,8,8,13,11,295,328,8,71,8,21,8,8,138,87,8,87,84,7,15,24,24,7,7,10,9,7,9,10,10,7,17,9,8,13,7,22,8,8,8,12,21,8,10,7,152,30,12,108,8,8,7,8,9,57,57,34,66,25,14,7,7,10,8,148,13,12,11,8,7,7,8,20,17,18,8,12,11,14,217,7,13,16,46,109,9,9,8,8,12,7,7,10,13,8,7,1393,113,23,7,9,8,23,7,8,21,8,7,10,27,18,15,12,7,24,7,11,122,234,181,8,9,18,8,178,8,32,126,15,7,108,21,90,14,11,92,16,7,10,419,8,11,7,11,18,12,21,189,7,29,11,8,7,13,8,67,14,379,152,8,7,35,16,8,7,65,68,12,23,7,37,15,9,10,7,191,8,134,21,464,27,24,23,18,27,66,61,61,67,8,7,16,53,8,7,8,117,12,11,13,22,7,10,13,9,10,20,140,13,11,12,12,48,7,312,251,68,12,7,192,7,79,13,17,18,7,7,15,11,13,11,26,9,11,15,9,7,54,54,54,61,8,64,60,8,45,7,12,22,8,8,16,7,8,26,25,7,23,22,13,443,7,21,15,7,8,71,120,10,9,19,88,11,7,23,20,26,7,16,25,17,19,7,23,22,23,7,9,20,253,37,61,15,20,15,15,488,33,8,34,10,11,32,0,131,8,105,7,14,11,19,24,19,7,18,8,15,17,15,15,118,112,104,106,103,242,8,14,13,10,298,25,271,28,249,249,7,10,16,7,101,7,59,11,7,7,7,93,7,160,34,214,15,7,13,8,13,13,7,7,8,33,36,220,8,7,203,85,17,16,9,8,9,237,13,201,14,60,9,9,0,115,15,8,9,28,7,8,10,12,93,8,25,13,27,7,44,12,10,8,9,8,10,9,9,12,640,8,256,16,448,9,21,7,7,19,43,9,508,6,43,13,39,23,43,36,27,23,18,32,7,7,9,19,9,7,48,93,249,7,9,9,20,25,20,32,11,9,7,20,11,22,28,8,20,7,20,7,53,55,53,53,54,40,8,70,8,51,55,7,18,46,499,7,8,7,7,42,9,207,279,7,39,37,202,10,51,107,20,298,21,7,18,29,140,31,14,18,27,29,19,26,27,14,8,7,17,8,7,10,22,10,16,10,10,10,19,8,7,16,11,11,12,8,13,40,18,7,3,13,16,13,30,11,15,162,8,9,9,7,19,54,487,14,36,39,7,9,177,13,83,19,7,11,16,15,14,42,112,17,97,162,285,17,297,16,8,76,8,11,13,7,10,18,11,11,41,133,17,22,17,19,7,24,17,9,17,12,8,22,19,19,10,21,7,21,10,7,13,9,8,9,14,7,17,8,8,8,16,9,8,17,7,17,10,17,13,7,11,7,10,14,7,31,21,21,20,72,19,8,7,7,16,16,7,16,13,7,15,7,7,16,16,7,16,16,17,7,9,106,104,49,12,106,113,7,7,117,7,106,117,107,107,8,43,10,23,92,60,37,7,111,111,114,110,7,8,31,8,23,23,8,7,8,15,7,58,42,52,869,8,77,40,40,40,8,34,43,36,38,25,12,303,21,21,86,8,25,8,25,9,8,55,10,7,13,8,11,9,86,8,32,14,110,34,7,8,10,9,9,16,105,8,25,39,7,47,8,9,90,16,13,7,8,7,8,7,7,51,20,17,157,9,10,8,10,8,8,11,7,9,9,16,29,16,8,27,7,46,8,108,80,15,33,30,8,18,54,29,26,7,8,12,12,7,16,17,7,39,12,7,33,34,9,17,11,12,11,7,17,30,69,15,16,11,8,39,9,9,34,10,9,10,9,29,14,7,7,8,10,8,27,16,7,9,160,25,125,17,226,8,18,11,11,23,37,13,14,23,87,11,14,17,11,20,7,8,8,6,35,7,7,17,42,54,583,8,26,7,24,10,95,21,11,8,23,19,23,17,9,10,24,14,7,24,9,17,7,9,21,11,7,13,250,43,8,8,7,30,11,9,46,7,21,7,7,231,21,13,32,13,119,127,186,21,86,7,985,16,19,7,504,40,223,7,52,51,15,73,7,21,25,27,10,15,10,79,9,338,9,11,64,8,8,144,85,203,8,8,35,6,33,33,8,7,7,8,7,8,8,17,7,8,43,11,16,157,30,6,6,42,7,14,8,0,14,13,9,12,11,13,9,11,13,10,6,16,206,38,38,11,32,14,64,389,7,42,152,259,22,17,13,8,125,8,32,8,39,20,14,93,86,40,7,19,18,18,31,7,252,26,324,75,10,15,24,8,153,172,172,233,537,10,138,7,14,8,7,11,94,9,245,161,8,324,23,120,18,16,288,15,15,15,16,8,8,22,18,14,102,337,21,19,18,17,183,51,7,212,24,15,10,22,16,17,7,16,19,22,26,17,17,19,22,26,17,17,19,22,26,17,17,19,22,26,17,17,19,22,26,17,17,19,22,26,17,17,19,14,43,19,18,17,19,21,19,18,17,19,19,19,18,17,19,18,8,12,231,74,492,79,42,28,11,653,26,8,30,9,9,9,9,14,91,9,8,24,76,8,18,9,7,54,8,9,15,7,9,8,9,29,14,225,7,13,210,13,9,13,9,10,61,10,54,
14,18,9,13,13,10,22,9,17,9,17,14,8,15,11,16,18,10,16,16,8,17,16,9,98,17,98,22,8,8,17,16,11,9,44,88,24,9,44,45,11,63,11,22,12,8,16,9,98,16,98,38,45,16,45,19,39,11,90,9,11,22,21,16,12,3813,17,9,62,56,12,9,62,48,72,59,14,10,52,47,59,12,15,13,11,13,13,11,13,17,33,11,10,19,9,19,16,15,9,15,16,16,8,11,22,34,53,41,21,17,9,16,9,27,15,55,24,9,27,15,55,24,9,27,15,8,26,11,8,146,500,16,8,10,24,18,15,21,15,9,30,8,8,20,17,19,16,9,11,42,42,8,11,8,11,8,11,8,11,8,37,8,37,8,37,8,37,8,37,37,37,37,37,37,37,37,37,37,37,37,11,9,8,11,8,42,8,10,9,11,12,19,10,17,17,51,19,18,14,14,10,11,14,10,9,11,20,28,21,23,11,16,19,23,10,18,10,8,9,34,19,17,186,7,8,9,11,10,8,23,45,43,8,7,8,43,43,8,8,8,8,8,43,43,7,43,7,43,14,14,15,14,15,10,16,17,14,14,10,14,8,17,16,13,9,9,9,26,9,18,9,18,9,18,8,8,16,12,13,41,72,17,12,20,16,8,29,24,20,18,8,11,9,37,15,15,11,16,8,26,12,9,18,37,8,9,75,75,11,19,22,17,84,9,23,13,8,23,14,23,30,23,14,8,23,30,23,14,8,23,14,8,23,14,23,30,8,23,8,23,23,9,30,19,15,16,8,45,15,17,15,8,8,21,18,10,15,16,14,15,13,18,13,16,15,19,17,23,8,19,12,8,10,15,26,13,31,17,12,8,9,29,11,9,8,17,9,10,31,9,13,36,19,9,10,10,19,9,10,16,9,15,19,9,10,11,10,14,23,20,9,8,12,9,9,9,12,12,18,10,10,13,10,24,20,8,12,9,11,12,8,13,21,10,23,11,19,11,21,9,15,9,15,9,11,19,34,10,17,19,8,14,8,18,19,8,8,9,8,12,12,9,8,8,8,15,40,30,20,8,8,18,9,14,26,13,8,12,14,21,9,9,20,8,9,28,8,17,9,14,11,12,8,24,12,8,23,9,8,11,9,9,24,10,17,15,8,12,8,8,14,8,15,8,12,8,10,8,14,8,78,35,8,8,21,8,8,12,12,42,9,15,8,28,8,11,8,25,32,8,15,8,8,14,8,8,17,8,11,8,18,18,10,11,10,13,11,9,41,19,19,15,19,9,8,15,11,9,9,23,7,17,15,6,18,23,43,21,20,43,43,8,23,32,33,22,20,8,8,9,33,10,19,19,10,19,14,11,8,8,27,12,15,18,13,10,27,40,57,18,41,23,59,9,8,35,9,38,8,27,81,8,9,36,81,25,17,13,15,13,9,10,17,18,24,14,12,16,16,8,15,8,22,14,11,8,8,24,17,8,21,9,33,22,8,8,21,49,9,18,25,10,9,8,35,9,18,33,14,189,21,8,17,16,14,24,9,9,13,20,22,10,33,8,17,8,16,9,22,22,9,8,68,16,18,10,18,18,23,8,18,18,17,11,16,8,31,24,17,8,22,24,31,10,58,13,10,10,23,12,11,10,8,10,16,10,16,12,8,9,9,8,8,9,31,10,8,21,9,20,24,46,32,7,8,32,8,20,176,8,16,10,14,14,10,14,14,10,8,22,29,9,15,93,119,113,113,89,13,11,18,16,24,8,11,11,9,18,8,10,8,17,32,11,8,19,8,8,28,9,9,11,9,10,11,11,9,10,10,22,15,8,56,8,15,12,24,21,11,17,8,8,8,22,13,53,22,19,19,8,25,9,15,34,16,10,10,205,9,18,12,9,43,9,16,14,7,80,8,10,89,10,107,8,9,8,93,104,8,9,8,28,8,24,9,10,11,12,8,15,25,10,32,13,32,29,19,10,10,9,19,11,36,14,8,10,8,107,8,8,9,8,164,10,33,13,8,44,44,8,16,10,10,18,15,10,15,39,11,13,10,11,13,11,8,9,9,12,8,12,9,15,10,8,22,10,18,44,44,7,10,10,9,18,10,37,41,10,21,10,11,7,10,11,6,8,18,7,45,10,10,14,13,13,8,8,13,17,27,8,12,12,11,12,21,48,11,8,24,11,11,11,19,29,46,12,30,7,23,16,16,33,8,16,13,17,8,18,8,11,9,9,9,13,16,9,17,9,96,91,140,91,19,10,19,24,8,56,12,19,53,10,8,9,9,9,8,9,9,24,14,9,8,20,14,9,8,26,8,9,8,24,17,8,8,71,8,11,25,28,8,47,9,8,73,24,10,39,26,8,13,28,8,25,16,16,11,10,20,8,55,12,52,10,20,8,20,8,8,29,17,21,9,10,22,7,48,13,10,15,8,8,8,12,16,14,9,13,19,8,10,8,9,19,494,9,8,13,14,20,27,10,9,33,8,8,12,8,13,33,26,15,24,13,137,26,10,19,8,8,16,16,75,26,32,15,16,9,8,11,32,8,16,17,17,19,37,3,240,14,16,10,14,14,14,12,8,27,15,19,17,10,24,10,9,9,10,28,10,16,15,10,16,16,10,9,8,9,10,14,10,23,8,9,41,10,11,9,13,24,12,7,160,10,10,16,10,71,17,8,56,17,8,80,116,112,81,116,112,12,18,8,87,35,119,101,8,43,116,85,115,84,85,118,87,83,83,13,108,127,110,85,81,18,8,118,35,81,81,118,121,9,63,84,82,103,101,87,121,111,83,106,103,103,110,79,85,102,121,103,95,116,87,87,37,95,104,87,87,38,103,87,81,81,87,117,13,115,61,115,13,62,117,117,13,9,21,20,15,43,95,58,118,11,33,17,115,83,110,78,62,81,116,63,79,13,87,110,80,56,86,88,109,118,106,116,95,85,55,137,84,138,110,137,95,122,137,118,96,10,69,87,87,77,104,128,104,86,103,129,103,108,102,102,118,55,43,118,56,44,115,77,70,87,56,111,56,56,111,111,56,117,117,117,117,40,117,117,11,25,8,13,11,12,10,12,12,15,12,35,9,12,13,16,12,9,10,17,8,9,14,36,30,20,9,9,24,53,24,142,14,18,13,8,10,12,8,12,9,13,12,9,9,16,14,16,9,11,8,11,9,11,8,20,9,9,14,9,9,9,104,105,104,104,110,104,103,104,104,103,104,8,14,11,17,11,107,12,8,9,12,23,14,10,10,9,79,101,100,99,98,64,85,101,17,9,11,10,11,10,10,14,12,11,17,20,9,18,9,8,19,16,17,11,11,18,14,9,10,12,10,15,8,9,11,26,8,27,28,16,16,15,88,43,15,88,8,10,8,9,10,14,14,8,16,15,16,17,17,9,9,21,31,31,40,87,152,37,29,9,57,20,39,21,10,18,8,10,9,21,13,21,15,9,11,13,12,24,9,9,16,10,16,11,13,18,9,13,9,12,8,9,17,14,9,9,9,12,25,8,9,30,8,12,9,8,13,23,10,13,12,8,19,24,9,12,11,11,19,15,20,18,10,13,19,10,63,31,91,11,10,46,9,10,9,19,9,15,9,13,19,8,15,16,9,10,24,32,9,14,20,17,17,12,8,8,17,20,14,16,25,8,13,15,13,8,19,8,14,15,11,11,23,15,17,19,16,9,10,10,13,7,10,8,12,10,17,13,10,15,8,13,8,8,10,21,19,25,47,31,12,9,41,67,20,65,68,80,68,65,9,62,8,69,8,12,17,10,17,26,56,75,49,76,14,8,11,13,12,23,11,9,11,15,10,13,40,11,9,8,9,8,29,14,9,9,27,49,11,8,18,9,8,17,9,122,7,27,9,24,8,17,13,14,7,13,12,9,15,20,21,9,23,16,11,10,13,13,10,16,10,14,8,81,11,8,9,9,46,8,10,10,18,41,8,177,26,9,18,17,21,8,8,30,9,19,9,8,52,16,17,12,8,13,13,8,8,12,18,8,8,19,9,17,8,9,10,55,58,8,11,63,55,54,63,53,63,64,57,55,9,17,12,11,20,76,18,57,12,8,17,12,7,18,8,20,18,7,43,23,11,30,26,17,9,11,24,9,18,14,8,40,8,18,24,10,90,10,18,8,10,44,41,8,91,9,23,23,14,13,10,12,251,9,14,13,13,27,18,8,15,8,39,8,39,13,14,11,8,14,8,13,16,16,16,16,9,8,14,13,9,15,11,15,14,8,10,9,20,14,8,8,13,11,10,8,10,19,10,51,45,14,8,13,16,21,19,17,34,17,8,11,10,13,84,8,12,12,11,13,9,8,13,16,8,55,8,8,15,15,12,8,387,9,17,10,14,14,9,35,13,18,22,48,10,23,25,10,30,15,10,8,16,13,8,39,22,25,23,21,8,9,15,9,14,9,9,34,45,10,19,13,11,10,16,16,16,16,10,13,13,15,9,21,12,11,8,8,13,20,9,8,8,8,12,9,16,11,9,15,16,463,7,16,16,10,10,32,10,32,10,32,9,10,43,10,10,11,24,8,8,41,8,8,16,16,8,27,10,10,8,11,8,8,24,13,9,20,18,19,19,20,123,39,19,83,11,21,8,11,10,8,9,19,13,11,20,83,16,17,10,24,12,9,11,21,40,17,12,15,11,14,16,8,17,26,9,9,33,137,119,110,84,83,39,16,17,9,16,14,13,18,13,168,23,9,23,8,8,14,9,11,8,34,21,22,8,14,14,8,25,69,20,8,40,10,19,28,22,26,8,8,14,10,8,64,8,8,12,8,11,9,9,9,9,8,12,8,19,10,19,36,8,8,8,27,9,9,8,8,9,13,13,22,22,8,18,31,63,8,9,8,9,23,24,12,9,11,19,30,15,15,11,24,53,35,19,11,16,16,9,14,14,16,16,16,16,15,20,15,15,98,20,8,8,9,8,8,33,18,22,8,21,9,99,10,20,36,8,11,9,12,12,10,15,9,21,14,29,11,25,10,20,8,8,81,14,19,12,9,15,12,18,11,10,39,72,21,8,32,17,12,19,9,14,18,9,73,12,8,32,16,9,11,9,9,15,38,32,9,8,9,8,29,16,9,10,30,25,12,19,11,20,11,10,8,16,9,8,14,9,8,425,10,9,19,30,12,21,19,14,11,9,12,8,18,12,19,16,323,7,48,8,34,34,8,8,9,8,9,32,18,37,34,10,8,8,26,25,32,8,16,32,8,18,13,16,7,32,40,12,22,17,22,11,23,16,29,46,20,19,10,8,9,10,7,10,10,8,41,15,35,18,35,20,15,8,18,31,16,8,16,29,20,46,94,10,12,8,17,8,9,26,8,8,21,10,16,15,19,25,8,10,8,31,24,9,8,18,19,17,8,18,21,29,19,7,46,46,46,8,18,8,18,8,18,46,23,19,11,9,13,7,57,13,19,17,8,17,8,57,29,8,12,10,11,11,26,34,15,12,17,21,22,8,54,54,54,54,8,55,55,55,54,54,62,57,55,9,12,60,8,8,11,15,17,91,38,19,79,10,16,13,13,7,23,10,15,20,8,18,23,10,20,7,90,12,18,9,12,8,43,9,36,25,8,9,251,22,99,8,8,31,10,17,8,9,11,31,36,11,40,11,12,15,15,16,10,24,29,10,8,10,8,20,24,11,19,9,8,41,23,24,12,9,190,11,19,30,15,15,16,9,16,16,19,22,74,16,10,41,183,10,11,16,10,21,122,11,22,9,13,12,17,13,15,11,14,16,73,8,25,11,8,8,15,8,29,9,38,22,12,8,19,14,12,12,32,10,17,20,14,16,16,16,16,16,10,16,8,9,9,8,19,29,12,21,9,19,10,9,22,10,9,9,19,26,10,9,22,43,54,27,72,100,100,100,10,70,42,9,54,26,25,8,8,111,8,10,18,10,14,10,17,22,9,14,21,20,9,10,22,7,44,9,32,29,26,19,10,9,9,19,31,40,14,95,13,8,8,24,8,8,8,106,8,24,38,9,18,16,34,11,22,81,24,10,18,8,32,8,24,12,9,10,8,13,8,8,21,15,19,9,8,16,8,15,14,49,92,8,9,77,120,124,122,51,10,17,10,12,14,13,15,25,10,123,39,16,16,17,59,9,9,22,13,8,10,12,10,18,8,14,9,11,10,12,13,13,20,10,19,12,8,8,18,10,65,18,16,8,10,20,9,14,13,17,9,34,116,8,9,71,8,8,9,9,13,11,20,11,18,10,18,10,22,22,23,25,32,45,13,23,21,14,14,10,17,35,34,18,12,17,95,31,46,13,19,8,9,8,14,8,8,17,12,14,40,22,95,26,18,8,10,9,36,8,53,19,13,22,14,20,12,14,14,23,16,19,22,19,22,10,11,10,11,16,8,10,18,8,250,18,21,9,14,18,9,8,11,21,21,10,9,23,40,24,11,11,12,8,9,9,16,10,17,19,18,9,16,17,10,8,13,8,18,58,10,26,8,20,16,16,16,14,16,16,14,9,14,16,16,16,16,9,14,16,16,16,16,16,16,16,16,111,10,20,49,10,12,47,8,41,8,45,8,8,107,8,44,8,9,11,8,45,8,10,11,13,11,23,48,48,9,43,107,8,102,8,104,45,12,40,100,19,44,81,100,69,8,34,9,81,47,64,10,8,69,18,111,47,8,127,8,42,8,47,62,82,8,108,63,109,106,109,107,107,44,107,69,8,40,8,9,8,11,8,47,66,8,8,112,71,68,101,111,112,101,36,8,50,9,8,40,25,9,10,10,15,12,12,10,12,10,33,13,95,8,20,32,28,157,10,8,29,29,10,47,51,29,10,22,8,10,24,24,29,14,11,15,10,42,9,28,9,16,31,9,24,9,115,9,59,54,9,9,26,26,9,12,8,18,18,17,86,9,16,54,10,10,31,8,12,23,9,19,45,9,29,87,87,61,34,26,54,24,14,9,9,82,63,34,38,17,17,9,9,85,85,9,11,10,73,10,8,25,8,9,8,18,33,10,9,85,17,10,8,58,9,31,32,9,11,15,8,36,9,157,36,9,11,9,18,18,11,37,29,64,8,8,16,8,85,38,9,151,30,14,18,129,16,49,17,33,20,8,16,16,10,8,29,12,8,9,13,19,13,10,10,28,21,11,22,20,9,39,8,9,71,10,9,14,44,44,10,10,10,32,10,32,10,32,42,46,19,9,26,15,7,8,9,36,17,32,10,8,18,9,12,29,51,8,14,12,51,19,11,35,18,11,12,14,16,16,16,10,11,10,12,9,8,14,9,8,9,12,23,16,34,15,34,34,34,12,94,11,26,8,14,8,25,10,14,41,11,11,10,9,10,19,19,16,19,14,19,11,17,12,10,20,10,8,39,11,10,9,8,8,16,12,8,18,12,22,17,19,31,30,9,21,32,8,44,18,21,8,119,9,17,30,25,47,40,11,9,19,18,17,26,10,14,11,15,17,11,9,23,17,12,9,12,11,10,16,9,8,8,9,12,8,8,16,8,8,32,7,8,18,8,18,12,8,8,19,9,8,9,14,18,10,42,16,10,14,7,40,27,8,34,17,9,8,18,34,8,10,24,8,16,12,8,18,12,15,18,11,11,13,11,8,34,181,17,8,9,10,9,8,15,9,19,15,16,10,14,8,9,14,30,80,40,18,8,8,8,8,18,113,19,16,9,22,20,9,35,20,13,12,11,16,11,10,11,10,11,21,8,14,16,11,8,9,8,14,41,40,9,11,27,8,22,12,10,10,8,8,8,46,10,21,12,14,8,10,8,35,31,15,8,12,9,33,18,9,13,41,10,8,10,17,18,14,19,8,17,18,18,91,45,60,24,8,38,25,25,16,18,22,15,16,10,25,15,10,10,18,10,10,8,9,10,14,9,16,10,15,9,8,54,54,11,29,12,11,86,8,24,24,22,46,9,32,64,11,8,8,11,11,16,8,9,26,35,11,8,18,28,13,8,9,10,9,80,23,12,23,86,9,10,8,18,21,9,8,9,179,20,10,15,9,18,9,23,23,10,20,12,8,15,19,44,9,18,28,8,8,7,24,32,16,31,21,18,19,43,17,43,16,25,29,10,20,25,18,9,43,11,13,17,43,15,13,43,18,44,17,9,12,10,19,14,19,43,16,41,21,10,11,32,13,12,8,19,43,19,20,10,11,13,32,12,10,9,16,11,26,23,11,10,9,8,8,20,8,33,10,7,22,41,24,36,7,7,36,32,7,22,8,26,43,43,8,43,16,18,8,15,54,8,23,8,16,18,10,27,33,10,32,15,10,14,8,15,33,14,33,15,13,13,11,32,15,10,13,11,33,14,33,33,33,13,10,32,39,10,10,11,33,10,10,32,16,9,33,11,10,10,9,33,39,32,15,10,13,38,33,11,13,34,15,17,13,9,21,20,23,43,8,7,8,43,8,12,28,95,12,0,9,25,9,10,26,16,15,11,13,9,8,11,9,8,10,14,9,10,8,57,24,9,19,18,34,28,19,13,9,8,11,19,9,10,18,17,15,20,14,18,10,8,21,28,18,8,8,44,8,9,11,24,26,8,17,13,10,16,13,22,10,35,32,16,8,16,22,10,111,29,18,87,8,25,11,9,15,11,24,16,10,13,10,9,9,16,16,16,16,10,26,21,30,10,19,18,17,19,9,9,11,17,21,30,18,10,2127,9,239,169,239,11,23,8,9,16,14,15,16,21,8,11,19,16,15,16,8,11,12,15,18,15,16,8,11,9,14,16,11,10,20,7,8,13,15,11,9,8,18,32,16,10,32,9,8,32,21,8,35,17,10,9,10,12,49,16,22,21,9,9,8,23,11,14,18,11,9,54,18,23,26,21,41,13,17,36,24,8,9,14,8,14,46,10,14,13,9,463,8,15,11,15,8,14,11,8,8,14,8,8,16,9,8,16,9,8,14,9,8,75,9,62,19,10,18,10,8,12,11,10,14,26,9,8,10,9,48,10,9,11,11,8,12,17,13,14,29,18,37,32,29,9,13,38,45,24,11,8,13,8,9,8,14,8,9,9,8,13,10,19,19,16,11,20,20,20,14,9,9,8,10,10,12,64,113,8,10,8,19,24,9,8,11,8,63,11,53,9,15,14,16,11,13,13,77,9,8,9,8,8,8,16,170,18,19,17,27,18,19,18,27,18,19,18,27,8,8,8,9,14,19,28,28,28,9,15,10,8,17,12,12,8,8,9,8,17,10,13,39,8,57,19,45,18,16,24,11,27,10,18,10,12,18,9,8,17,11,18,16,24,27,19,18,12,18,243,20,23,27,18,18,20,23,27,18,18,20,23,27,18,18,20,23,27,18,18,20,15,11,27,12,13,12,9,14,10,9,8,20,10,19,10,19,18,8,11,20,20,10,9,42,20,243,20,19,18,20,22,20,19,18,20,14,9,16,15,17,11,20,25,10,16,14,15,16,52,8,8,93,18,16,17,10,14,13,10,18,10,17,10,17,10,17,10,18,10,18,10,34,30,11,14,33,24,9,10,33,25,30,208,11,37,12,9,26,50,10,22,14,10,17,12,17,18,18,33,280,33,33,18,9,21,46,16,63,8,14,25,15,8,15,16,22,24,14,9,14,9,25,18,14,10,9,51,9,68,54,50,61,9,51,52,48,51,55,42,16,9,8,8,41,36,19,59,61,56,61,9,9,26,41,36,44,61,61,9,569,41,19,9,61,9,19,10,9,78,8,41,11,10,77,290,13,13,10,15,8,11,12,41,19,9,8,8,45,19,41,53,9,17,12,9,16,16,11,8,20,10,14,12,12,15,11,15,9,8,17,10,12,24,10,23,11,13,12,17,8,17,8,8,10,26,11,10,10,27,12,8,10,10,9,20,76,16,8,9,16,10,15,22,8,10,19,10,12,15,10,9,9,8,9,9,9,9,10,25,10,9,12,20,15,8,15,11,15,16,8,24,14,8,11,18,9,9,416,8,19,8,14,35,10,12,8,12,8,14,16,15,15,16,15,138,16,14,10,11,14,11,11,14,10,8,8,8,8,15,8,8,20,17,9,16,9,9,19,14,10,14,15,12,15,17,16,16,17,18,23,17,15,152,8,8,9,22,29,30,22,25,22,9,10,21,9,35,22,31,46,23,22,23,23,9,22,10,147,22,147,9,17,27,25,25,11,9,11,16,12,4738,17,15,16,19,10,10,20,9,8,9,14,9,1409,9,68,16,16,169,106,18,8,16,19,39,18,27,45,19,21,38,45,11,25,22,11,26,22,8,8,18,16,18,20,45,20,11,22,22,11,8,8,29,11,9,9,11,10,36,21,8,8,10,11,13,11,16,14,8,9,8,196,30,9,17,25,11,8,146,147,12,146,23,8,10,9,204,8,11,9,16,8,9,72,8,8,10,8,75,14,11,42,8,42,8,8,37,37,37,37,9,8,8,44,8,15,20,11,24,28,93,19,885,8,15,170,53,20,14,9,9,15,9,10,18,19,16,17,16,8,9,19,10,9,8,12,44,12,40,12,47,8,12,13,26,21,9,12,17,28,9,8,12,8,8,8,10,328,9,15,9,11,22,22,8,8,8,58,9,16,11,8,8,13,288,9,9,9,23,14,8,23,30,8,23,14,23,9,30,23,14,23,30,23,14,23,30,23,14,23,30,14,30,23,14,23,23,23,9,9,0,56,9,17,9,44,157,13,15,9,158,8,16,19,11,13,9,81,10,19,20,8,747,8,61,8,10,9,12,14,105,15,17,12,9,15,8,33,12,10,9,20,26,10,18,9,11,11,20,8,26,10,8,10,8,9,10,20,9,12,8,13,11,78,10,253,93,8,44,18,12,11,8,15,12,9,18,8,8,8,15,8,10,29,8,20,11,16,8,8,35,18,8,46,9,15,8,11,9,9,11,9,28,8,11,15,32,10,10,15,8,8,15,8,1935,36,8,8,27,8,8,9,12,32,9,11,8,42,32,15,8,12,8,9,16,8,9,8,8,15,499,15,8,0,8,15,10,8,11,10,8,204,9,10,17,14,18,8,14,11,18,38,10,9,8,22,22,9,49,25,10,51,22,15,15,276,14,10,9,18,12,12,8,24,12,15,24,9,22,9,15,20,24,8,25,8,17,28,10,22,17,17,18,16,22,22,9,37,35,9,33,25,18,18,8,12,1332,21,117,10,18,9,173,30,8,8,51,120,10,8,20,8,9,8,123,10,40,8,8,18,318,8,47,10,21,10,109,9,15,18,15,472,132,9,18,8,592,65,9,8,130,8,55,44,9,47,43,16,8,22,9,18,21,8,8,165,27,8,8,165,8,8,11,208,11,21,69,35,35,15,10,11,8,11,16,10,29,8,8,165,27,8,35,13,12,24,8,10,12,12,15,241,13,8,9,46,8,9,12,12,8,10,12,12,30,22,10,27,27,33,7,10,11,30,10,34,8,11,34,7,259,211,11,761,108,14,23,15,19,27,33,29,755,11,9,12,12,73,28,22,16,24,8,21,66,9,89,89,8,8,10,24,8,11,53,9,9,11,9,25,242,14,28,8,9,19,11,52,16,19,23,8,17,11,8,7,36,10,8,8,12,13,0,26,56,10,36,10,15,9,9,252,97,10,8,25,15,9,10,8,10,19,24,14,8,8,24,114,14,41,23,24,20,15,15,8,231,18,19,22,9,61,23,350,23,10,25,10,9,9,9,9,8,16,19,22,18,25,101,254,8,150,183,10,8,235,141,0,8,9,24,11,8,9,10,9,8,8,178,268,24,93,66,46,142,20,37,8,112,9,63,8,8,116,9,83,112,81,81,13,41,117,84,35,10,85,118,9,194,85,79,109,96,80,112,118,115,83,126,80,21,119,125,82,81,83,118,62,64,62,63,63,86,85,83,104,86,103,117,63,85,64,76,103,102,61,116,87,39,31,104,87,110,103,87,82,102,37,115,13,117,117,13,21,21,25,53,136,34,10,147,140,80,9,26,53,57,75,79,16,85,110,126,110,126,95,83,77,125,80,83,82,85,61,122,83,118,43,69,37,111,128,110,44,77,117,51,104,86,103,119,101,103,69,69,34,44,77,117,52,117,117,111,111,117,111,117,117,40,39,11,709,76,93,11,16,8,12,12,9,27,11,12,12,18,12,8,12,622,129,55,75,8,10,45,22,10,9,423,148,19,9,13,158,12,10,11,19,9,10,8,11,9,65,25,9,102,104,66,73,104,104,103,103,104,102,8,11,9,18,8,10,9,9,10,8,10,13,10,8,10,9,8,8,10,8,9,10,9,8,8,10,8,11,8,9,11,8,9,41,81,16,9,8,12,131,10,13,8,8,21,9,11,10,12,8,9,26,10,9,9,67,64,98,11,332,9,18,14,14,10,10,10,10,10,8,11,10,12,12,8,9,8,8,8,8,8,10,8,8,9,21,11,10,8,9,8,139,121,137,15,40,20,9,9,10,10,20,13,8,21,8,8,17,9,14,12,13,9,24,8,8,9,8,10,9,10,9,11,13,23,132,25,8,159,9,21,9,26,17,9,61,70,15,45,66,9,13,13,14,18,8,8,16,9,8,14,10,11,16,8,11,12,10,11,10,12,15,14,8,8,11,9,22,9,8,8,9,9,18,15,9,14,8,18,9,36,30,30,9,62,27,20,8,81,21,9,12,9,82,8,11,119,10,12,127,9,18,13,11,10,13,9,15,10,10,9,23,13,8,128,20,13,104,16,10,9,8,19,9,16,12,11,111,8,19,14,9,9,19,17,9,159,13,10,9,17,8,9,8,8,9,64,28,8,115,11,9,8,8,10,15,16,11,20,13,31,9,9,8,18,13,18,16,8,9,23,12,14,31,9,19,10,10,21,14,26,8,9,22,20,21,67,11,10,79,8,9,8,9,13,9,8,466,8,109,10,18,8,104,10,8,16,11,101,16,8,21,13,121,121,26,12,9,9,16,11,13,9,10,14,36,8,12,249,23,18,8,11,8,9,26,8,8,9,19,8,10,163,21,17,258,16,10,12,8,123,31,43,8,12,17,9,147,24,8,10,9,35,8,12,8,9,10,9,14,8,120,129,21,9,9,10,14,8,21,25,28,21,23,28,31,16,19,16,17,28,73,16,8,8,68,81,8,9,8,69,69,10,62,18,8,9,8,9,53,50,21,117,9,10,8,16,10,8,10,10,9,8,13,114,8,8,12,10,11,10,15,8,8,8,10,11,56,20,22,11,18,11,40,9,8,8,10,16,17,11,17,136,8,8,24,9,8,9,10,294,9,65,55,9,13,13,18,9,9,13,8,13,12,20,10,51,8,11,12,88,9,12,8,12,85,40,157,8,20,53,8,24,36,14,11,10,23,10,8,8,8,10,8,144,21,17,8,31,35,8,56,55,54,60,63,57,64,66,55,9,8,10,14,8,16,9,8,9,8,8,11,15,9,26,9,18,8,8,53,23,14,70,1451,8,20,40,15,21,123,8,56,22,9,8,9,12,8,16,10,8,8,9,8,8,8,9,0,9,8,18,8,9,9,15,9,8,16,10,8,22,8,16,22,8,8,9,10,11,40,12,44,44,44,8,8,17,25,31,15,8,21,12,8,15,20,14,29,17,8,10,20,11,8,8,15,13,9,9,19,18,28,22,12,18,9,10,285,19,10,9,9,17,11,8,13,16,16,13,16,9,42,169,10,19,15,8,24,17,21,8,269,26,24,80,8,8,11,30,16,12,20,8,51,11,21,10,25,26,27,16,8,10,62,20,12,21,11,9,142,68,10,34,16,20,16,9,307,85,36,8,32,32,32,9,11,22,8,8,28,16,8,13,10,13,8,9,8,62,9,9,11,105,9,9,105,64,105,18,15,17,20,9,19,13,9,51,12,13,22,21,9,8,9,28,13,9,10,12,26,18,8,22,40,39,8,15,14,9,16,21,9,20,10,8,9,9,282,117,107,110,110,83,14,9,21,23,10,27,8,18,13,9,12,8,28,79,18,25,17,11,16,76,21,8,25,14,14,25,25,20,33,29,8,250,18,20,64,250,11,120,9,16,11,23,8,17,13,18,8,14,75,8,11,8,10,11,12,11,15,8,11,10,8,14,16,15,36,25,35,8,172,15,9,24,9,19,15,22,16,8,14,16,24,24,13,18,8,16,15,9,16,37,33,8,13,29,8,14,206,9,8,66,15,8,10,16,9,101,10,8,208,128,218,8,33,44,44,9,15,10,34,53,22,9,116,10,14,9,59,8,14,14,21,15,30,27,20,9,33,10,10,28,11,10,25,10,9,9,17,13,8,11,9,101,10,54,10,85,9,18,9,9,16,14,8,9,15,16,9,8,8,19,17,235,8,9,14,22,19,8,8,9,10,8,8,21,28,509,7,8,8,8,8,8,9,40,34,14,15,8,155,8,8,38,12,22,14,28,8,24,19,33,27,8,26,10,8,10,35,8,8,23,20,23,26,94,10,12,18,14,14,10,14,17,10,21,27,21,33,17,9,9,46,29,9,297,18,21,8,17,8,54,54,9,12,265,19,47,500,9,8,8,12,10,8,8,28,18,16,280,8,9,23,8,15,22,8,73,10,35,38,160,11,9,21,30,21,563,24,18,255,35,19,30,197,22,19,9,19,53,20,60,20,9,8,13,29,19,21,19,11,9,24,17,9,8,15,25,9,0,9,8,114,9,18,20,23,8,12,12,12,15,16,8,9,9,0,8,5,14,17,17,14,17,31,13,29,266,10,164,8,10,16,10,9,9,80,10,65,29,14,25,20,8,8,10,10,12,20,9,38,9,8,8,424,9,15,17,10,8,31,14,13,8,8,53,15,45,64,8,24,38,10,220,14,84,26,83,24,26,46,34,8,24,12,9,10,31,15,23,19,46,16,43,128,18,206,17,168,34,37,674,261,229,12,11,300,17,18,20,41,8,12,8,16,10,23,28,14,38,8,17,18,23,20,10,137,12,15,88,8,26,18,10,22,19,25,9,13,9,23,11,13,9,10,9,8,22,11,11,8,17,8,19,10,25,20,15,8,16,12,18,21,18,9,23,18,9,8,18,11,18,13,12,16,36,11,11,12,8,9,9,30,24,18,12,22,11,97,26,18,16,24,16,8,24,24,8,17,24,24,8,16,8,14,16,24,8,8,24,16,8,8,14,24,9,28,43,8,30,71,107,8,29,107,8,104,8,79,13,47,8,80,8,107,12,50,8,8,42,8,14,8,8,8,107,108,107,105,116,108,119,107,44,12,81,100,8,40,8,60,34,8,72,77,8,100,112,113,13,50,32,112,41,9,8,8,18,9,9,22,8,9,32,10,70,78,9,35,22,8,28,14,13,8,146,93,14,9,22,110,27,16,9,36,15,9,16,11,9,22,17,43,10,26,31,8,9,8,12,9,12,13,9,8,298,17,87,32,34,9,9,8,20,21,15,14,9,19,89,9,28,9,32,41,8,31,9,8,20,14,21,17,9,8,85,8,10,111,17,31,8,9,9,18,16,54,31,20,11,102,9,34,20,8,16,33,34,10,33,48,20,18,21,8,29,8,22,15,37,62,20,12,93,11,10,8,15,9,17,9,66,17,31,10,9,23,8,15,8,16,18,8,12,15,10,12,18,8,8,21,9,82,8,32,32,9,34,32,8,16,10,10,13,32,8,10,17,32,32,31,14,16,16,24,28,29,9,8,12,8,16,8,9,8,12,9,37,11,34,12,14,8,14,14,15,28,16,11,17,16,22,19,16,8,18,19,16,8,9,10,19,16,22,27,22,17,8,8,30,1090,24,26,203,18,12,211,9,33,9,12,12,20,16,14,16,14,16,8,12,16,9,16,8,15,8,15,22,9,18,14,8,9,9,18,12,8,8,7,48,32,8,12,10,12,18,15,23,16,8,197,23,9,9,24,8,16,8,11,11,96,45,8,8,45,26,21,9,13,18,13,8,33,12,9,15,11,8,12,10,9,12,19,15,11,11,9,11,8,12,8,10,12,23,9,8,238,9,11,104,130,49,9,9,9,67,22,38,22,15,10,9,12,17,8,16,8,10,22,41,200,17,8,8,11,74,8,24,46,12,10,28,11,16,11,24,8,8,17,9,11,43,8,80,24,31,143,112,350,12,8,9,27,24,8,66,10,15,9,11,40,11,198,13,8,13,62,9,8,20,7,34,8,8,10,9,14,17,8,8,15,10,8,63,9,61,8,11,9,9,18,8,9,8,42,8,12,9,32,21,8,9,13,10,32,8,9,10,12,24,8,149,11,31,69,8,36,10,18,8,43,8,11,19,11,15,9,21,11,32,14,14,9,33,14,33,8,32,14,11,17,8,11,33,11,33,8,33,15,10,10,13,32,10,12,10,14,9,33,15,11,47,8,65,10,8,403,8,43,10,9,1007,16,137,69,13,12,16,9,10,9,50,17,8,8,16,11,9,9,16,8,15,20,8,9,18,30,337,637,17,9,12,11,15,9,12,130,12,8,16,22,11,54,28,13,25,12,99,16,11,8,12,26,9,9,56,27,16,19,44,8,21,13,12,18,8,17,17,9,27,27,9,27,19,11,17,25,61,9,23,25,173,158,169,79,11,15,8,15,18,13,19,26,8,10,8,8,20,11,19,13,74,11,8,10,32,35,9,32,17,12,12,98,13,243,29,73,11,57,12,25,9,17,63,14,75,19,17,9,16,11,485,16,9,8,16,10,8,36,21,9,23,9,16,10,16,10,33,19,13,23,19,15,86,214,22,218,13,22,13,17,226,18,14,72,8,9,129,25,23,15,8,16,9,17,18,8,18,20,23,27,18,18,20,23,27,18,18,20,23,27,18,18,20,23,27,18,18,20,23,27,18,18,20,23,27,18,18,20,15,20,20,19,18,20,15,87,20,19,18,20,22,20,19,18,20,19,11,9,10,11,17,214,9,104,16,10,16,8,9,10,17,18,17,18,20,20,17,16,15,10,9,208,10,9,9,17,280,10,17,12,19,10,18,10,10,36,22,10,8,11,0,22,57,9,19,10,10,8,9,59,61,9,25,8,28,499,9,10,9,78,8,11,10,77,17,235,13,10,17,18,167,14,216,8,15,9,25,13,10,8,10,8,9,29,9,9,15,14,22,15,308,8,215,10,16,18,8,10,12,29,9,18,8,9,11,41,10,20,10,8,18,21,20,31,8,15,8,14,21,15,8,15,16,8,8,22,25,8,8,9,11,8,10,8,8,9,9,10,8,10,8,12,9,22,398,12,33,9,12,8,21,10,25,12,13,8,8,173,8,8,11,18,16,9,27,16,9,46,14,28,16,19,898,8,230,10,8,321,33,22,8,19,46,9,150,147,147,22,25,25,11,192,8,8,4371,8,21,9,10,19,9,8,9,22,22,21,8,9,22,24,11,22,11,12,19,8,3896,29,5,34,11,10,21,10,11,16,9,13,13,182,62,50,0,17,27,11,13,484,23,12,203,137,8,11,8,37,37,22,37,158,15,14,13,19,1065,10,12,15,9,14,12,9,22,14,57,19,16,17,8,15,33,8,31,21,23,8,9,14,29,8,18,11,15,9,14,8,9,59,102,67,8,22,144,9,15,9,23,23,14,23,9,14,14,14,30,14,14,23,14,23,30,23,14,23,30,30,106,18,14,14,9,9,88,72,9,18,13,12,9,15,27,50,9,9,0,19,8,164,20,8,234,25,8,11,28,9,9,24,12,18,9,17,8,17,8,18,10,17,30,9,12,78,10,159,93,8,11,22,8,17,9,13,8,20,8,131,36,8,8,9,17,14,14,11,32,10,65,12,8,15,8,1869,26,9,16,19,26,8,8,10,13,17,8,8,9,24,11,12,9,12,8,172,10,8,9,70,9,9,17,8,9,13,9,17,9,11,12,8,92,9,19,19,8,10,11,8,10,8,8,9,10,8,10,9,16,8,9,9,18,22,9,9,9,27,8,51,10,10,11,13,8,53,11,47,8,38,15,499,8,0,8,43,36,68,17,10,18,14,18,39,9,10,19,15,18,15,28,14,14,26,21,11,11,22,9,36,9,22,9,9,21,16,18,10,9,18,28,15,35,20,33,8,40,35,10,18,18,13,10,12,38,15,89,22,9,36,9,159,25,37,8,8,14,10,16,19,121,44,10,40,8,34,18,8,290,159,10,15,10,109,9,11,15,406,12,152,43,241,44,9,17,43,32,14,13,29,8,165,205,29,165,63,34,71,49,15,10,13,10,8,10,29,13,12,10,85,20,1239,8,8,13,10,27,22,15,8,33,10,33,7,10,11,11,34,18,259,216,80,355,108,19,29,45,33,29,10,12,20,91,56,22,16,24,25,21,66,9,127,8,12,23,53,26,9,26,9,14,85,8,8,37,241,1208,8,9,19,11,52,19,23,8,79,7,36,10,8,11,13,0,26,15,8,18,503,24,15,8,20,14,24,8,24,71,14,20,15,75,9,362,394,10,27,11,9,9,9,8,16,19,22,18,25,186,8,373,0,9,17,8,11,8,27,177,723,78,8,151,15,12,14,111,6,80,8,8,65,17,82,42,9,119,116,80,81,117,150,127,48,12,125,118,63,125,61,125,102,86,38,86,63,38,85,80,13,39,26,115,116,102,61,115,117,13,21,8,21,8,120,15,18,21,141,140,79,63,78,9,15,79,80,19,54,85,125,64,20,137,10,16,122,65,43,137,65,43,13,8,61,51,47,117,111,13,117,117,40,117,108,11,10,18,13,8,151,12,8,17,8,12,20,17,8,56,544,9,8,142,63,20,8,10,12,65,148,13,17,9,17,8,11,13,25,20,101,8,9,102,104,105,104,103,103,104,103,15,8,14,242,73,13,210,8,26,10,99,99,9,98,12,8,13,13,13,13,13,12,21,10,14,11,11,20,10,9,23,12,9,19,18,9,122,9,10,135,8,8,8,10,15,9,9,25,8,18,14,9,10,12,490,142,125,44,9,9,59,71,88,140,9,9,13,21,9,8,8,13,8,14,8,8,15,11,17,10,8,9,8,9,8,8,10,9,8,8,10,11,8,9,9,9,18,9,9,8,215,9,10,8,9,37,28,39,11,8,82,8,11,31,32,12,27,17,9,9,8,14,9,22,8,8,8,14,20,9,17,16,21,9,15,12,17,9,8,8,9,9,113,14,12,12,9,14,15,9,10,12,63,9,89,11,27,9,8,16,17,13,14,8,9,9,25,9,10,9,19,9,8,8,12,9,21,13,32,10,26,13,10,19,25,9,26,26,9,1943,20,48,49,17,135,8,108,8,105,28,8,21,8,13,16,238,130,142,27,34,8,9,95,11,30,8,11,9,10,12,139,14,16,12,8,9,8,46,9,10,9,8,8,15,752,121,15,44,15,8,14,10,14,8,49,19,8,18,18,15,8,9,11,662,45,9,9,14,8,23,14,8,37,23,29,12,8,18,13,18,14,30,83,20,8,8,8,10,62,8,9,17,52,9,119,9,13,8,10,8,9,11,19,14,17,10,10,8,14,10,8,0,21,71,15,8,0,8,15,8,9,23,8,267,9,35,109,15,15,13,13,8,10,20,8,12,191,9,12,8,56,24,15,9,8,8,8,20,103,10,54,8,55,55,66,60,56,55,9,8,16,62,9,1046,8,15,9,15,26,86,8,8,53,23,14,682,10,125,8,10,44,9,10,8,8,9,8,9,0,9,18,11,9,8,9,22,17,16,40,16,37,8,26,23,30,23,8,18,14,21,10,18,13,8,13,8,9,9,8,19,8,9,18,16,26,24,8,18,16,13,19,9,18,24,193,31,21,19,26,79,8,21,18,8,38,69,26,16,10,21,9,16,20,16,360,48,9,32,32,11,8,12,10,10,32,9,27,33,9,82,8,18,17,12,17,28,9,13,26,30,14,12,9,20,24,21,9,19,9,15,25,9,12,8,8,21,30,10,10,15,9,107,9,10,11,16,8,14,16,14,17,9,8,9,9,282,131,113,105,82,82,8,28,28,9,57,8,37,8,19,13,23,23,12,11,17,11,24,8,25,65,274,20,29,40,8,250,20,90,250,64,9,11,22,12,11,13,70,8,10,16,19,14,10,12,11,113,8,14,16,162,35,128,16,8,14,16,24,22,9,8,8,15,9,16,37,8,13,33,119,17,27,9,80,320,77,10,314,91,15,23,15,204,10,53,21,0,116,14,101,8,17,30,19,11,11,10,19,21,575,27,9,23,8,12,9,10,13,134,10,181,8,11,11,10,8,10,12,25,9,18,15,9,41,40,17,320,9,10,22,8,8,8,8,73,44,509,7,8,9,40,16,8,44,37,22,8,8,19,33,8,16,16,38,38,35,8,10,8,20,26,94,40,13,50,250,10,8,9,21,26,21,33,12,9,321,12,46,29,9,22,8,8,54,57,64,55,20,62,57,54,55,9,19,505,9,78,8,8,43,10,279,26,8,9,62,43,90,43,10,38,38,201,11,9,52,113,21,287,12,271,35,19,30,16,73,9,20,37,8,11,14,19,23,21,27,14,17,12,17,11,8,9,18,8,9,9,0,9,8,12,15,13,13,19,8,9,14,17,17,14,21,31,30,29,8,16,9,9,9,10,27,10,8,20,55,23,471,36,9,15,9,30,14,13,8,54,44,10,178,22,14,84,24,45,24,11,10,12,46,16,43,113,18,81,168,286,18,257,17,9,20,43,21,25,8,14,8,15,8,24,10,16,42,22,23,20,10,109,25,26,18,22,19,23,22,14,13,28,14,12,18,8,8,8,17,19,23,10,10,17,10,15,16,18,25,16,9,20,9,23,17,12,18,11,12,15,11,15,10,8,11,11,11,11,12,30,32,22,22,21,21,9,8,24,8,24,24,8,17,24,8,8,16,24,8,8,24,8,8,24,637,8,44,85,26,8,49,19,37,44,65,13,35,8,80,8,80,38,107,12,8,13,108,44,107,8,9,11,18,111,8,13,44,8,81,14,8,107,8,108,127,127,107,70,12,81,104,8,8,44,100,112,8,11,121,32,9,100,121,38,41,9,8,62,342,9,397,17,34,41,41,29,9,35,44,29,44,39,24,25,44,13,219,28,17,28,116,11,8,203,12,109,87,9,39,11,17,9,154,26,8,20,17,9,43,15,8,31,17,8,21,14,9,10,17,14,9,8,10,51,17,18,8,13,11,14,17,44,16,8,52,21,18,9,23,18,9,10,11,55,15,20,9,9,28,8,21,16,33,66,34,20,8,9,8,21,17,18,80,9,186,15,9,17,28,9,16,30,42,29,9,8,15,8,22,8,8,109,18,8,8,9,17,8,34,9,8,35,10,32,13,19,19,8,52,18,48,24,16,24,36,9,19,9,10,10,10,10,34,12,14,15,44,18,9,8,20,17,12,8,10,24,30,15,8,8,10,10,10,14,18,10,11,8,10,161,26,131,18,212,9,12,26,15,23,19,15,18,39,10,10,15,24,15,15,17,8,9,9,9,7,10,9,8,8,8,8,18,43,55,233,46,24,8,25,11,96,45,8,21,17,26,20,19,16,8,40,13,8,8,26,18,8,15,44,12,17,18,21,15,11,12,9,10,28,47,8,9,12,19,233,22,15,258,128,547,53,40,65,9,9,12,17,20,47,553,56,223,55,51,8,12,127,8,22,26,28,11,16,61,10,80,12,289,83,0,24,8,121,10,9,84,29,204,8,9,9,36,8,34,20,20,22,8,8,9,8,8,9,8,8,9,9,18,8,9,8,9,8,42,9,14,11,18,69,7,7,8,43,8,10,19,15,9,9,21,12,14,11,13,12,14,11,10,17,66,33,39,39,10,13,33,15,47,32,129,8,33,806,8,8,10,153,84,13,11,12,9,126,9,34,9,17,9,39,9,21,15,102,144,16,32,137,41,8,27,21,19,42,19,17,17,20,14,13,9,27,19,11,16,25,18,41,10,2352,9,240,240,11,20,8,15,8,16,8,8,8,8,19,8,8,74,10,17,12,261,8,24,127,24,36,8,50,63,19,17,457,16,11,16,9,16,21,14,8,9,18,24,9,16,9,9,22,23,19,15,88,159,555,8,20,26,222,21,68,51,8,25,23,11,23,8,17,18,8,18,20,9,8,23,27,18,18,20,8,23,27,18,18,20,23,27,18,18,20,23,27,18,18,20,23,27,18,18,20,23,27,18,18,20,15,20,20,19,18,20,15,331,20,19,18,20,551,20,19,18,20,19,11,13,18,193,120,16,343,24,80,10,15,18,18,12,16,42,12,8,12,203,26,35,32,280,10,10,280,10,10,15,10,80,22,10,8,9,27,77,22,19,10,9,25,8,10,263,9,10,77,17,226,10,24,210,17,14,203,17,13,13,19,30,26,45,8,10,17,15,9,61,45,8,18,43,10,8,18,8,143,12,33,18,10,20,31,14,12,15,8,21,8,16,16,8,16,8,10,23,8,8,19,8,119,12,13,8,10,10,8,8,11,30,16,9,16,19,919,14,229,10,338,126,20,19,11,9,150,150,20,20,22,25,14,8,9,8,13,10,9,8,18,22,22,11,11,22,12,9,8,3384,29,5,34,14,21,12,15,196,18,11,13,30,13,23,185,8,11,8,37,37,37,37,190,0,19,1147,8,12,12,15,45,14,9,22,16,17,33,25,255,17,28,160,152,15,9,14,71,73,11,67,288,16,23,9,30,23,14,14,14,30,14,30,14,23,30,23,30,23,14,14,23,9,9,9,25,9,15,27,214,10,475,8,285,8,142,171,8,8,13,10,16,9,78,16,9,143,65,17,8,12,36,11,14,10,14,10,10,67,10,8,1637,35,8,24,9,32,35,19,8,8,19,28,19,8,8,8,8,9,10,8,9,9,12,8,10,11,10,9,24,9,19,20,22,9,8,8,17,9,14,8,8,12,9,12,9,11,8,67,8,8,8,9,11,12,8,8,10,8,16,47,2682,48,38,15,13,499,8,0,8,185,17,18,14,15,15,267,23,11,23,9,36,9,22,28,30,18,14,9,20,8,10,18,18,95,8,22,28,21,8,14,10,30,19,18,296,186,36,9,11,15,389,136,13,64,40,130,8,44,9,11,43,9,30,11,8,8,733,160,35,8,8,13,8,20,588,229,19,137,10,9,32,18,10,22,7,34,259,37,1008,40,63,33,29,62,56,22,16,24,25,21,17,53,138,26,9,85,8,79,244,86,9,19,11,52,19,23,8,79,7,10,8,8,16,21,56,18,20,33,21,57,14,20,30,150,8,143,8,39,16,19,18,25,0,0,11,8,27,226,24,65,17,6,11,64,111,102,8,65,15,133,85,84,9,127,112,121,118,8,116,35,125,82,82,9,63,82,61,81,118,85,82,102,112,64,38,80,102,84,82,87,40,38,83,87,8,38,117,9,8,15,200,82,9,140,8,140,9,28,13,72,9,81,70,38,133,85,110,10,126,63,82,143,55,42,119,110,10,117,11,117,111,117,117,108,11,163,8,206,12,8,13,13,99,8,109,171,8,9,9,22,9,8,10,1236,1098,17,9,30,29,165,9,33,91,104,89,104,104,104,103,104,102,15,365,36,47,22,55,28,14,29,67,9,79,101,19,8,17,12,18,8,9,14,10,17,12,22,23,23,22,8,123,10,139,8,36,15,9,18,28,8,12,9,17,14,12,296,329,9,72,9,22,9,9,139,88,9,88,85,18,25,8,8,11,17,10,11,11,8,18,10,9,8,23,9,9,9,13,22,9,11,8,153,31,13,109,9,9,8,9,10,59,58,35,67,26,15,8,8,11,9,149,14,13,12,9,8,9,21,18,19,9,13,12,15,218,8,17,47,110,10,9,9,20,8,0,8,11,17,9,8,1394,114,24,8,23,9,24,8,9,22,9,8,11,28,19,16,13,8,25,8,12,123,235,182,9,10,19,9,179,9,33,127,16,8,109,22,91,15,12,93,17,8,11,420,9,12,8,12,19,13,22,190,8,30,12,9,8,14,9,68,15,380,153,9,8,39,17,9,8,66,71,13,24,8,38,16,17,11,8,192,9,135,22,465,28,26,24,19,28,79,62,62,68,10,8,17,54,9,8,9,118,13,12,14,23,8,11,14,10,11,21,141,14,12,13,49,8,487,252,69,13,8,193,8,80,14,18,19,8,8,16,12,21,14,27,10,14,16,10,8,55,55,55,62,9,65,61,17,46,8,13,23,16,9,17,8,9,27,26,8,24,23,14,444,22,16,8,9,72,121,11,10,20,89,12,8,24,22,27,8,17,26,18,20,8,24,23,24,8,10,23,254,38,69,16,21,16,16,489,34,9,35,11,12,0,33,9,132,9,106,8,15,12,20,25,22,19,0,12,16,18,16,16,119,113,105,107,104,246,9,16,17,11,299,26,272,29,250,250,8,11,18,8,8,60,12,8,8,8,8,161,35,215,16,8,14,16,21,21,8,15,9,34,37,221,11,8,204,86,18,17,10,9,10,238,14,202,15,61,10,116,9,10,29,8,9,11,13,101,9,26,14,28,8,45,13,11,9,10,17,11,10,10,14,648,9,257,17,449,10,22,8,8,20,44,10,509,7,44,14,40,24,44,37,28,24,19,33,8,8,10,20,10,8,49,94,250,8,10,10,21,26,21,33,12,10,17,21,12,23,29,9,21,8,21,8,54,56,54,54,55,41,9,71,9,52,56,8,19,47,500,8,9,8,8,43,10,209,280,8,62,38,203,11,52,108,21,299,22,8,19,30,141,32,15,19,37,30,20,27,28,17,9,8,25,0,8,11,23,11,18,11,17,11,21,20,8,17,12,12,16,9,14,41,19,8,4,14,17,14,31,12,16,163,9,10,10,8,20,55,488,15,37,40,8,10,178,14,84,20,23,12,46,16,15,43,113,18,98,169,286,18,298,17,9,77,82,14,8,19,12,27,42,134,18,23,21,20,106,25,18,24,18,13,9,23,20,23,12,22,8,22,11,8,14,10,10,10,15,8,18,9,9,9,20,10,9,8,18,11,18,14,8,12,8,11,15,8,32,22,22,21,20,9,8,8,24,24,8,24,21,8,16,8,8,24,24,8,17,24,606,8,10,107,105,50,13,107,114,8,8,118,8,107,118,108,108,12,44,11,24,94,61,38,8,112,112,115,111,8,9,32,9,24,24,9,8,9,16,8,59,43,53,870,9,426,41,41,41,9,35,44,37,39,26,13,304,22,22,87,9,26,9,26,10,9,56,11,8,14,9,12,10,87,9,33,15,111,49,8,17,11,10,10,17,106,9,26,40,8,48,17,13,91,17,14,8,9,8,9,8,8,52,21,18,158,10,11,9,20,9,9,12,8,10,10,17,30,17,9,28,8,61,9,109,95,16,34,31,9,19,55,30,27,8,9,13,13,8,17,18,8,40,13,8,34,35,10,18,12,13,14,8,18,31,70,16,24,12,9,40,10,10,35,11,10,11,10,30,15,8,8,9,11,9,28,17,8,10,161,26,126,18,227,9,19,12,12,24,38,14,15,24,15,18,12,21,8,9,9,7,36,8,8,18,43,55,593,46,27,8,25,11,96,43,12,9,24,20,24,18,11,11,25,15,8,25,10,18,8,19,22,14,8,16,251,44,9,18,8,12,10,47,8,22,8,8,232,22,15,259,128,204,22,87,8,986,17,20,47,505,41,224,8,53,56,16,74,8,22,26,28,11,16,11,80,10,343,10,12,65,9,9,152,86,204,9,9,36,8,34,34,9,8,8,9,8,9,9,18,8,9,44,12,17,165,31,7,7,43,8,15,9,21,15,14,10,13,12,14,10,12,14,11,10,17,208,39,39,12,33,15,75,390,8,43,153,260,23,18,14,9,126,9,33,9,40,21,15,94,87,41,8,27,19,19,32,8,253,27,325,76,11,16,25,9,155,173,173,234,540,11,139,27,15,19,8,12,95,10,246,162,9,325,24,121,19,17,289,16,16,23,24,16,9,23,19,15,103,340,22,20,19,18,184,52,8,25,23,11,23,17,18,8,17,20,23,27,18,18,20,23,27,18,18,20,23,27,18,18,20,23,27,18,18,20,23,27,18,18,20,23,27,18,18,20,15,44,20,19,18,20,22,20,19,18,20,20,20,19,18,20,19,9,13,232,75,493,80,43,29,12,654,27,9,33,10,10,10,10,15,92,10,9,25,77,22,19,10,8,55,9,10,16,8,10,9,10,36,17,226,8,17,211,17,10,17,10,14,62,14,55,
5365,134,22,25,16,59,45,38,91,63,99,76,99,23,28,66,87,97,89,25,71,45,46,97,64,23,23,27,84,32,99,38,99,39,46,164,46,20,40,91,39,23,23,22,5300,3877,81,73,63,57,70,63,50,73,60,54,53,48,60,31,23,23,21,21,21,34,14,83,93,65,59,23,24,65,148,42,63,20,17,149,56,64,149,56,64,94,143,147,501,88,34,49,169,13,21,43,43,52,27,65,187,8,9,96,86,58,9,8,9,58,69,9,9,9,9,9,58,8,69,8,69,87,37,38,17,47,48,64,64,73,27,74,12,53,38,20,60,123,135,135,76,76,45,85,57,42,43,42,64,72,73,72,108,42,43,42,58,72,49,42,108,42,42,42,33,31,24,22,70,210,37,78,14,27,16,7,24,70,110,58,9,24,33,47,9,9,53,32,17,56,59,60,207,18,118,203,18,71,208,117,115,94,108,106,36,17,25,50,123,18,123,190,126,123,18,122,30,117,57,122,120,78,38,14,177,124,19,190,75,89,59,25,47,8,58,24,187,63,30,120,110,121,114,114,97,24,58,20,33,57,9,65,40,78,31,45,35,17,29,93,13,159,8,100,238,94,90,108,110,125,110,94,105,125,108,105,26,47,14,11,58,31,39,113,360,110,125,152,152,165,59,9,17,28,48,36,87,100,25,15,41,25,87,69,69,8,59,59,8,61,7,60,70,8,70,96,49,776,47,74,8,58,97,92,141,92,52,52,99,34,107,48,22,40,41,15,14,58,37,26,95,94,56,8,61,71,9,13,41,88,24,20,495,21,107,178,542,18,25,93,93,89,51,82,38,4,23,28,51,77,17,8,161,118,72,18,116,113,124,117,81,117,113,82,117,113,124,107,85,88,120,102,84,117,86,116,85,86,119,88,85,84,66,109,128,111,86,82,96,89,119,113,83,82,119,122,62,64,85,84,104,102,88,122,112,84,107,104,104,111,80,86,103,122,104,96,117,88,88,96,105,88,88,111,104,88,83,83,88,119,63,116,62,116,65,63,119,119,109,102,119,85,116,84,111,79,64,82,118,64,80,56,88,111,81,57,87,102,110,119,107,118,96,86,56,138,85,139,111,138,96,123,138,119,97,126,70,88,88,78,105,130,105,87,104,130,104,109,103,103,119,56,44,119,57,45,116,78,71,88,57,112,57,57,112,112,57,119,119,119,119,109,119,119,28,130,109,165,129,61,111,105,106,105,105,111,105,104,105,105,104,105,212,114,66,80,102,101,100,99,65,86,102,94,90,81,89,88,89,88,250,85,30,36,58,50,91,121,119,56,47,21,92,85,91,105,105,80,18,15,21,18,18,47,45,16,43,23,72,64,33,14,8,0,48,32,24,42,124,79,69,81,69,70,83,82,70,81,76,76,74,77,74,32,19,68,48,153,61,74,19,18,17,18,123,8,38,18,14,15,8,42,58,580,178,103,12,81,53,68,61,60,56,59,60,56,64,56,55,64,54,64,65,58,56,62,48,77,58,14,89,14,8,42,21,58,8,69,24,48,35,35,42,19,567,10,61,74,42,52,46,35,42,32,85,56,396,41,108,49,38,31,26,27,31,38,42,26,40,23,26,103,25,16,22,15,16,35,258,324,17,94,8,71,11,47,11,11,47,13,70,11,11,25,124,84,84,47,138,120,111,85,84,92,49,241,64,36,99,68,33,27,34,19,30,100,150,16,142,131,132,99,88,51,98,15,32,18,426,77,43,42,40,14,54,80,93,324,8,9,49,60,9,61,10,42,107,62,12,54,47,132,19,8,47,18,47,21,255,8,59,46,71,36,17,17,24,70,111,241,20,18,101,28,8,57,29,36,19,19,69,24,70,12,14,14,8,172,37,129,30,74,56,55,55,56,56,56,56,55,56,63,58,57,65,61,42,92,39,92,80,15,82,14,14,8,24,48,41,41,47,69,8,241,266,40,45,30,22,29,40,75,18,58,184,52,118,68,25,15,58,37,19,53,112,114,72,55,74,74,73,101,101,101,71,74,63,41,28,30,121,112,82,58,8,71,47,50,39,18,41,325,49,71,79,93,121,78,122,125,123,52,75,17,124,60,18,60,105,127,120,125,80,20,124,44,72,55,66,19,15,83,73,59,27,9,53,127,106,50,107,106,109,46,109,108,109,104,109,102,49,49,49,44,108,109,103,105,105,101,20,108,109,101,70,111,36,46,109,65,46,70,112,101,109,128,106,63,109,110,109,64,110,107,110,108,108,110,108,70,104,111,36,101,67,114,116,72,69,102,112,113,115,37,114,112,42,64,90,96,158,642,67,62,53,48,52,49,53,23,19,69,25,34,23,88,96,52,121,87,98,38,35,27,21,16,19,382,115,93,91,61,40,37,24,23,72,88,88,103,35,38,55,25,380,83,85,35,40,98,234,124,86,86,119,74,98,42,16,19,123,145,86,108,35,68,30,37,158,37,79,45,37,372,38,30,202,82,97,86,225,154,36,130,99,111,280,72,18,19,59,11,11,11,59,11,59,47,10,64,8,48,11,61,49,31,15,59,70,13,77,59,59,59,77,22,115,106,105,124,127,20,161,43,48,218,124,20,147,27,46,8,10,21,20,32,20,21,20,43,17,13,15,8,28,61,61,49,60,9,25,20,33,28,58,187,258,266,29,60,92,61,78,54,55,55,52,97,55,27,24,137,87,49,61,27,85,46,9,8,33,82,96,45,51,44,67,70,49,103,21,46,14,49,59,62,68,42,55,65,80,48,60,8,23,52,8,8,33,8,23,58,69,9,69,62,58,38,50,50,14,88,50,34,217,24,9,8,9,9,96,13,19,21,23,18,29,87,131,89,90,88,90,88,49,40,38,35,35,91,93,2421,240,170,240,51,8,9,62,60,50,17,11,10,60,60,55,11,49,66,96,78,393,70,47,109,135,63,20,88,110,15,75,39,33,30,61,14,39,46,25,79,28,108,94,78,94,140,73,182,2912,140,73,2912,253,403,253,254,253,56,107,30,15,42,1247,59,43,24,254,23,219,96,26,137,85,109,108,25,26,423,2526,2396,2905,47,64,15,87,50,50,52,44,84,55,51,62,57,52,54,49,52,56,60,82,46,52,61,60,62,57,62,61,62,119,46,52,61,62,62,62,679,46,61,61,62,62,61,118,47,62,373,86,93,49,61,1768,61,42,54,1770,136,81,417,139,62,74,144,24,24,153,113,30,23,31,53,24,26,34,34,144,23,36,23,32,47,29,24,29,24,15,23,148,24,148,23,25,28,26,26,20,57,4754,92,107,20,170,107,19,27,24,20,40,19,28,46,20,22,39,46,26,23,23,27,23,27,19,25,19,22,46,21,28,23,23,22,32,2432,97,48,47,39,37,33,21,21,21,21,21,16,100,10,94,147,148,147,99,27,205,34,18,18,52,240,94,106,82,92,933,19,35,62,21,18,45,54,63,138,99,91,29,47,56,52,89,24,23,140,88,80,81,142,74,97,57,74,21,63,41,86,73,57,75,108,57,43,57,58,86,73,57,108,57,43,57,64,43,108,57,43,57,57,117,33,57,25,122,203,24,94,53,688,500,29,16,2,78,97,9,37,78,172,30,23,27,142,118,52,30,108,119,50,60,57,91,124,30,35,129,183,36,38,120,70,49,57,88,118,107,84,196,22,270,110,36,28,64,435,653,72,305,82,30,91,63,108,125,179,104,125,108,179,125,140,25,87,50,110,103,24,47,31,127,337,125,152,179,89,125,51,33,49,36,100,41,23,28,41,73,8,59,32,73,60,49,59,8,870,52,76,85,756,71,74,29,430,129,90,90,134,60,109,26,975,95,109,67,8,63,56,24,13,13,41,31,19,504,309,18,258,191,114,70,39,158,102,21,23,210,351,75,89,19,101,123,67,47,143,66,38,35,113,24,65,117,104,117,102,113,82,82,66,87,118,86,122,86,119,300,86,80,110,97,81,113,120,117,84,127,81,120,126,83,83,84,119,64,65,64,64,64,87,86,84,105,87,104,118,65,86,65,77,104,103,63,117,88,40,32,105,88,111,104,88,83,103,114,116,65,119,119,54,142,121,148,141,81,65,55,58,76,80,63,86,111,127,111,127,96,86,78,126,81,84,83,86,112,123,84,119,44,71,38,112,130,111,45,78,119,53,105,87,104,120,102,104,70,71,38,45,78,119,53,119,119,112,112,119,112,119,119,109,109,77,131,153,109,106,103,105,74,105,105,104,104,105,103,221,114,68,68,65,99,79,134,71,72,145,87,113,40,63,28,24,46,82,32,83,95,16,18,16,16,27,22,24,118,98,32,20,18,89,115,102,103,68,104,104,88,104,71,20,16,13,17,15,14,19,23,37,61,27,26,75,142,58,46,150,68,39,36,33,394,11,29,32,17,20,17,29,80,69,82,80,80,70,70,79,72,220,57,85,236,331,96,97,56,15,14,14,19,18,18,14,17,15,21,61,52,20,17,33,49,41,359,68,17,18,453,83,78,36,56,57,56,55,61,64,58,65,67,57,63,57,79,1309,15,15,33,48,48,47,43,78,920,1465,59,91,57,94,62,45,45,45,47,46,29,34,20,19,21,27,38,72,18,20,19,29,23,315,22,18,17,18,108,43,170,25,25,18,22,21,289,81,22,20,15,31,17,35,751,17,90,308,86,63,47,47,47,61,12,93,67,106,106,65,106,19,19,23,41,40,118,108,111,111,84,88,27,24,23,32,28,29,80,130,60,73,261,17,240,31,84,99,93,92,14,30,66,67,17,38,17,102,14,16,93,126,144,210,92,16,16,17,351,77,41,53,87,102,510,8,10,60,61,42,224,192,61,52,197,28,74,18,93,28,342,59,62,74,59,24,21,114,106,111,254,105,18,357,71,57,30,15,67,2306,178,56,56,55,278,97,501,23,16,33,50,31,29,73,261,395,55,57,31,582,29,198,23,39,61,21,86,67,115,81,26,6,106,35,265,13,81,83,69,76,113,40,26,121,365,32,222,39,425,60,16,162,114,325,136,75,382,73,129,84,294,42,38,497,123,154,21,19,16,71,86,28,71,98,27,61,59,9,31,72,108,65,59,108,109,105,106,107,108,108,108,115,109,110,106,108,104,111,109,108,109,108,106,117,109,120,108,109,116,109,101,104,40,61,35,101,100,101,113,114,74,40,114,42,93,81,36,33,18,29,22,94,103,56,111,103,112,64,52,136,110,182,86,52,41,39,303,110,88,75,35,88,40,22,16,430,113,75,68,78,42,246,54,38,18,27,462,115,86,112,61,42,314,378,55,35,23,60,347,404,34,35,34,59,23,37,181,102,30,37,183,97,224,156,23,95,45,99,108,113,184,101,385,78,17,134,47,76,61,59,9,48,60,14,47,79,58,59,104,15,136,62,59,22,557,99,349,123,407,123,23,46,20,35,56,21,135,81,16,23,8,93,33,56,33,79,49,50,16,328,273,19,471,85,54,53,82,25,368,163,674,152,73,58,61,53,56,61,17,63,130,21,8,70,77,165,196,39,197,64,155,62,107,296,16,66,189,214,213,202,67,81,215,69,13,26,162,51,69,113,98,77,63,135,69,9,12,106,17,19,22,50,135,22,18,21,50,70,93,108,284,494,9,69,16,1023,160,24,319,20,39,119,21,70,393,685,519,40,61,107,190,242,45,50,39,14,13,34,455,62,647,174,159,170,80,91,60,62,47,60,60,63,13,49,158,415,147,88,13,392,273,109,100,20,14,70,108,24,260,161,140,90,2912,253,254,253,402,253,254,253,242,51,364,245,88,255,23,97,53,36,92,419,136,116,117,86,79,119,124,68,10,2484,128,845,121,118,76,15,56,92,11,51,62,61,62,62,58,86,581,57,118,62,679,120,1934,1778,52,55,154,42,309,399,174,307,231,425,34,23,29,20,47,26,151,148,148,23,26,26,19,5442,4376,109,20,19,113,22,23,23,27,37,23,25,23,23,22,35,4020,97,6,37,39,38,21,21,15,63,51,4,94,501,485,99,26,204,1720,27,336,263,87,1114,20,13,239,26,102,45,105,91,317,47,103,53,89,28,93,92,97,24,42,43,42,60,43,58,73,108,43,58,42,73,42,108,42,43,42,58,73,107,37,58,43,30,89,73,43,108,96,159,87,94,235,855,500,19,2,78,58,37,69,78,102,30,36,28,35,108,37,108,32,17,27,22,60,62,46,187,38,91,120,52,31,204,162,21,57,90,90,177,118,37,135,84,306,704,48,16,144,110,39,61,128,218,47,367,29,96,84,84,125,179,299,338,90,50,103,24,156,454,125,338,137,21,1317,149,41,23,34,47,73,8,59,35,59,70,1161,145,94,85,71,92,57,333,128,128,27,60,367,86,101,38,327,68,8,63,79,24,15,41,63,22,504,359,18,42,72,562,123,749,537,395,89,19,903,150,67,152,76,112,7,81,117,83,66,66,83,83,96,120,117,81,82,118,152,128,82,65,126,119,66,126,62,126,103,87,39,87,64,39,86,81,65,40,27,116,117,103,63,116,119,160,142,141,80,64,80,64,56,80,81,55,86,126,65,126,138,126,64,236,66,44,138,66,44,62,53,48,119,112,57,119,119,109,119,109,17,255,143,149,80,104,102,108,106,103,105,106,105,104,104,105,104,67,490,100,100,100,99,132,72,89,116,41,38,29,57,83,59,24,28,122,33,27,14,91,83,71,41,45,115,50,19,19,40,337,173,12,38,30,16,24,29,19,15,31,79,68,79,49,109,222,71,78,22,111,214,157,55,41,110,16,17,14,14,20,14,21,19,50,352,18,976,27,55,56,56,56,67,61,57,56,55,63,19,1099,18,85,15,47,78,920,707,48,17,107,49,49,325,103,20,19,17,107,29,25,32,22,20,162,17,22,19,1005,90,361,137,49,47,59,90,96,100,83,103,53,137,132,114,106,84,84,99,33,34,38,246,91,261,17,397,1347,99,93,79,14,34,174,18,28,81,78,14,16,137,144,113,117,112,187,95,16,258,42,41,41,35,74,118,510,8,9,55,224,69,60,84,85,93,312,62,49,59,24,21,106,112,317,105,13,322,93,57,30,15,1112,56,56,58,65,56,63,58,55,56,65,97,506,21,79,16,78,83,48,261,436,55,17,56,114,306,38,136,21,85,80,118,82,26,10,109,30,13,131,42,11,103,40,472,63,60,115,15,114,2086,136,431,73,114,133,294,454,123,422,23,129,89,85,110,48,62,22,52,709,9,45,172,27,50,20,38,109,66,121,36,108,105,39,108,115,109,121,109,109,108,72,112,109,108,109,116,109,116,111,108,109,109,128,128,108,71,116,109,109,43,39,46,101,113,114,72,122,40,101,122,39,42,44,137,53,42,42,55,36,60,30,64,25,30,64,30,111,76,117,235,111,88,41,387,110,112,70,41,38,110,87,74,23,56,27,400,110,89,113,118,237,320,292,86,82,42,39,25,24,387,82,35,56,131,23,75,33,29,179,34,67,35,303,65,288,182,103,93,157,187,100,89,113,88,31,84,46,886,112,17,18,49,60,61,50,48,58,51,84,71,186,69,49,51,23,59,22,254,282,123,408,123,23,20,56,25,169,14,8,63,49,33,57,41,57,364,319,479,91,119,284,56,52,130,54,62,50,337,153,91,62,91,61,48,61,59,130,87,9,53,21,21,100,195,190,133,280,148,206,301,16,49,280,214,213,176,132,222,53,51,56,113,8,8,136,69,9,11,106,17,22,22,74,74,14,73,22,53,11,21,50,75,362,108,898,9,9,16,154,108,22,417,382,119,120,91,362,22,210,216,85,212,917,49,15,14,42,659,2646,389,241,241,91,50,63,13,72,187,420,209,97,20,92,23,70,416,556,54,161,222,90,2912,119,238,254,238,253,360,253,254,253,248,51,445,245,332,268,552,56,36,97,214,188,116,116,25,294,41,40,587,2366,837,620,4091,111,81,76,15,38,92,11,57,63,116,672,120,120,120,48,59,27,427,436,151,230,442,138,21,20,26,151,151,21,21,23,26,5271,3477,109,19,106,19,23,23,21,23,23,21,3449,97,6,37,34,38,20,765,2068,19,501,504,508,97,186,1720,4517,368,7,87,1195,20,13,90,135,107,26,45,316,49,214,181,189,89,20,105,74,92,391,110,57,54,64,86,73,58,73,64,43,108,73,63,108,57,79,57,61,82,24,72,89,92,258,250,544,14,500,19,2,9,27,49,30,108,108,308,69,29,54,187,43,118,31,17,39,205,91,172,227,84,502,218,37,39,54,156,16,384,41,278,29,29,84,32,125,108,738,178,50,125,152,1438,21,20,153,45,46,84,58,59,8,59,77,112,34,89,63,57,621,120,158,92,20,86,143,80,330,164,65,8,56,23,9,41,91,22,42,58,55,132,96,144,93,99,298,19,91,66,68,7,65,112,144,82,66,68,137,87,85,128,113,122,120,117,117,114,126,83,83,96,64,83,62,82,119,87,83,103,113,65,39,82,103,86,83,88,41,39,84,88,103,39,119,70,213,83,132,141,94,141,73,125,82,71,39,137,87,111,122,127,64,83,144,56,43,120,111,38,119,56,119,112,119,119,109,250,17,129,133,1368,93,98,92,105,90,105,105,105,104,105,103,67,222,134,86,68,100,80,102,57,73,84,210,89,87,89,86,140,89,61,41,60,59,36,69,27,31,120,1501,117,96,47,41,20,17,16,85,209,164,20,16,16,20,14,23,259,25,38,27,69,89,40,19,72,48,89,39,37,543,29,27,26,20,29,129,80,80,69,78,20,110,222,69,103,29,210,222,155,488,265,70,14,19,241,1080,588,17,84,98,15,19,65,56,56,56,56,63,66,62,70,54,79,19,18,15,15,163,78,359,49,599,153,27,35,21,41,23,31,98,218,19,263,25,24,220,20,19,24,1005,94,490,61,49,85,90,96,253,133,106,107,99,77,33,35,941,121,114,106,108,106,306,134,351,273,396,1396,109,292,12,55,87,19,18,21,223,14,401,16,300,120,124,144,99,160,148,343,95,258,43,53,86,71,510,8,59,47,223,60,84,93,371,186,21,38,59,95,254,105,13,319,22,93,24,30,15,653,58,56,56,57,56,55,56,55,58,72,60,53,57,220,97,501,55,23,16,78,83,59,327,438,55,57,109,318,152,90,34,20,85,86,118,83,26,5,407,20,13,131,16,97,489,38,38,3081,136,22,73,114,167,295,495,123,261,20,126,89,85,96,48,63,22,40,641,9,11,108,106,109,121,108,115,110,110,119,110,108,119,109,109,116,109,37,95,62,39,113,113,115,116,112,9,44,33,37,114,59,96,60,44,56,542,42,42,42,36,59,39,27,25,59,88,74,337,27,297,115,86,34,58,24,278,88,109,34,112,23,308,110,107,27,41,216,23,393,104,35,249,78,39,25,161,400,32,231,111,381,38,372,103,31,67,99,210,204,200,240,84,35,180,166,107,31,14,392,112,41,14,137,124,77,59,50,63,15,330,69,115,41,136,60,247,272,123,423,123,24,49,22,60,212,14,8,63,57,41,57,724,273,467,119,235,54,57,82,28,819,377,77,131,73,61,105,343,59,130,87,9,70,70,190,198,206,163,206,1377,16,49,193,213,206,51,87,192,69,8,8,69,9,17,22,77,74,21,14,74,18,32,22,18,11,21,318,75,365,482,9,69,154,261,24,17,330,382,118,564,389,22,129,206,486,33,53,326,146,156,174,174,235,541,112,11,258,392,484,325,100,92,70,375,24,55,161,222,90,2912,253,254,253,360,253,254,253,247,45,266,29,256,46,55,35,150,253,188,136,4769,2561,677,4655,93,1012,731,92,11,56,116,51,117,51,368,117,1750,1969,53,1776,1830,57,
